,episodes,chosen_conf_index,chosen_conf,chosen_conf_index_in_labels,number_of_requests,rewardsum,loss_q1,avg_response_time,cost
0,1,36,<pyews.server_abstractions.Configuration object at 0x00000190F4811EA0>,15,31,-4.0,,2.0,2.0
1,2,27,<pyews.server_abstractions.Configuration object at 0x00000190EE2D0820>,29,41,-4.0,,2.0,2.0
2,3,8,<pyews.server_abstractions.Configuration object at 0x00000190EE2FC760>,27,39,-4.0,,2.0,2.0
3,4,30,<pyews.server_abstractions.Configuration object at 0x00000190EE2B5960>,0,40,-4.0,,2.0,2.0
4,5,7,<pyews.server_abstractions.Configuration object at 0x00000190F48139A0>,34,32,-0.3933759767534841,,0.22072916666666667,0.17264681008681748
5,6,32,<pyews.server_abstractions.Configuration object at 0x00000190EE272800>,22,40,-4.0,,2.0,2.0
6,7,39,<pyews.server_abstractions.Configuration object at 0x00000190EE2B4C40>,13,37,-4.0,,2.0,2.0
7,8,10,<pyews.server_abstractions.Configuration object at 0x00000190EE2B6F20>,25,39,-4.0,,2.0,2.0
8,9,40,<pyews.server_abstractions.Configuration object at 0x00000190EE2D1180>,40,40,-4.0,,2.0,2.0
9,10,7,<pyews.server_abstractions.Configuration object at 0x00000190F48139A0>,34,37,-0.4756197830597904,,0.30297297297297293,0.17264681008681748
10,11,24,<pyews.server_abstractions.Configuration object at 0x00000190EE2D3A00>,5,39,-4.0,,2.0,2.0
11,12,13,<pyews.server_abstractions.Configuration object at 0x00000190F481E1A0>,17,38,-0.7394614936205055,,0.3174561403508772,0.4220053532696283
12,13,34,<pyews.server_abstractions.Configuration object at 0x00000190EE2C49A0>,14,38,-4.0,,2.0,2.0
13,14,0,<pyews.server_abstractions.Configuration object at 0x00000190EE2C6320>,10,38,-4.0,,2.0,2.0
14,15,35,<pyews.server_abstractions.Configuration object at 0x00000190F4810520>,3,38,-4.0,,2.0,2.0
15,16,28,<pyews.server_abstractions.Configuration object at 0x00000190EE2FFA00>,6,35,-4.0,,2.0,2.0
16,17,5,<pyews.server_abstractions.Configuration object at 0x00000190EE2FDC60>,33,38,-4.0,,2.0,2.0
17,18,24,<pyews.server_abstractions.Configuration object at 0x00000190EE2D3A00>,5,39,-4.0,,2.0,2.0
18,19,5,<pyews.server_abstractions.Configuration object at 0x00000190EE2FDC60>,33,38,-4.0,,2.0,2.0
19,20,29,<pyews.server_abstractions.Configuration object at 0x00000190EE2B4160>,18,39,-4.0,,2.0,2.0
20,21,4,<pyews.server_abstractions.Configuration object at 0x00000190F481D4E0>,9,33,-0.5648115390073487,,0.2521212121212121,0.3126903268861366
21,22,37,<pyews.server_abstractions.Configuration object at 0x00000190F48111E0>,21,34,-4.0,,2.0,2.0
22,23,7,<pyews.server_abstractions.Configuration object at 0x00000190F48139A0>,34,30,-0.36409125453126195,,0.19144444444444447,0.17264681008681748
23,24,40,<pyews.server_abstractions.Configuration object at 0x00000190EE2D1180>,40,40,-4.0,,2.0,2.0
24,25,6,<pyews.server_abstractions.Configuration object at 0x00000190EDFDBAC0>,23,39,-4.0,,2.0,2.0
25,26,9,<pyews.server_abstractions.Configuration object at 0x00000190EE2B7D60>,26,39,-4.0,,2.0,2.0
26,27,5,<pyews.server_abstractions.Configuration object at 0x00000190EE2FDC60>,33,38,-4.0,,2.0,2.0
27,28,39,<pyews.server_abstractions.Configuration object at 0x00000190EE2B4C40>,13,36,-4.0,,2.0,2.0
28,29,7,<pyews.server_abstractions.Configuration object at 0x00000190F48139A0>,34,38,-0.4780854065780456,,0.3054385964912281,0.17264681008681748
29,30,28,<pyews.server_abstractions.Configuration object at 0x00000190EE2FFA00>,6,35,-4.0,,2.0,2.0
30,31,27,<pyews.server_abstractions.Configuration object at 0x00000190EE2D0820>,29,41,-4.0,,2.0,2.0
31,32,7,<pyews.server_abstractions.Configuration object at 0x00000190F48139A0>,34,36,-0.49931347675348414,,0.32666666666666666,0.17264681008681748
32,33,19,<pyews.server_abstractions.Configuration object at 0x00000190F4812CE0>,8,34,-0.5318710550250524,,0.26274509803921575,0.26912595698583663
33,34,41,<pyews.server_abstractions.Configuration object at 0x00000190EE2FF0A0>,38,39,-4.0,,2.0,2.0
34,35,12,<pyews.server_abstractions.Configuration object at 0x00000190F481C820>,16,31,-0.33977727717093476,,0.2206451612903226,0.11913211588061212
35,36,7,<pyews.server_abstractions.Configuration object at 0x00000190F48139A0>,34,34,-0.4457840649887782,,0.2731372549019607,0.17264681008681748
36,37,30,<pyews.server_abstractions.Configuration object at 0x00000190EE2B5960>,0,39,-4.0,,2.0,2.0
37,38,7,<pyews.server_abstractions.Configuration object at 0x00000190F48139A0>,34,36,-0.5119986619386694,,0.33935185185185185,0.17264681008681748
38,39,9,<pyews.server_abstractions.Configuration object at 0x00000190EE2B7D60>,26,40,-4.0,,2.0,2.0
39,40,7,<pyews.server_abstractions.Configuration object at 0x00000190F48139A0>,34,31,-0.40135648750617225,,0.2287096774193548,0.17264681008681748
40,41,7,<pyews.server_abstractions.Configuration object at 0x00000190F48139A0>,34,34,-0.426764457145641,,0.2541176470588235,0.17264681008681748
41,42,17,<pyews.server_abstractions.Configuration object at 0x00000190EE2FD300>,11,39,-4.0,,2.0,2.0
42,43,7,<pyews.server_abstractions.Configuration object at 0x00000190F48139A0>,34,35,-0.4785515719915794,,0.3059047619047619,0.17264681008681748
43,44,19,<pyews.server_abstractions.Configuration object at 0x00000190F4812CE0>,8,37,-0.5766935245534042,,0.3075675675675676,0.26912595698583663
44,45,9,<pyews.server_abstractions.Configuration object at 0x00000190EE2B7D60>,26,38,-4.0,,2.0,2.0
45,46,31,<pyews.server_abstractions.Configuration object at 0x00000190EE2D2F20>,36,30,-4.0,,2.0,2.0
46,47,5,<pyews.server_abstractions.Configuration object at 0x00000190EE2FDC60>,33,41,-4.0,,2.0,2.0
47,48,30,<pyews.server_abstractions.Configuration object at 0x00000190EE2B5960>,0,40,-4.0,,2.0,2.0
48,49,5,<pyews.server_abstractions.Configuration object at 0x00000190EE2FDC60>,33,40,-4.0,,2.0,2.0
49,50,33,<pyews.server_abstractions.Configuration object at 0x00000190EE2E5480>,39,38,-4.0,,2.0,2.0
50,51,17,<pyews.server_abstractions.Configuration object at 0x00000190EE2FD300>,11,38,-4.0,,2.0,2.0
51,52,24,<pyews.server_abstractions.Configuration object at 0x00000190EE2D3A00>,5,38,-4.0,,2.0,2.0
52,53,7,<pyews.server_abstractions.Configuration object at 0x00000190F48139A0>,34,32,-0.4322301434201508,,0.25958333333333333,0.17264681008681748
53,54,28,<pyews.server_abstractions.Configuration object at 0x00000190EE2FFA00>,6,38,-4.0,,2.0,2.0
54,55,17,<pyews.server_abstractions.Configuration object at 0x00000190EE2FD300>,11,40,-4.0,,2.0,2.0
55,56,7,<pyews.server_abstractions.Configuration object at 0x00000190F48139A0>,34,34,-0.46656837871426854,,0.29392156862745106,0.17264681008681748
56,57,21,<pyews.server_abstractions.Configuration object at 0x00000190EE273640>,2,40,-4.0,,2.0,2.0
57,58,7,<pyews.server_abstractions.Configuration object at 0x00000190F48139A0>,34,35,-0.46778966722967474,,0.29514285714285726,0.17264681008681748
58,59,7,<pyews.server_abstractions.Configuration object at 0x00000190F48139A0>,34,30,-0.3304245878645952,,0.15777777777777774,0.17264681008681748
59,60,10,<pyews.server_abstractions.Configuration object at 0x00000190EE2B6F20>,25,40,-4.0,,2.0,2.0
60,61,7,<pyews.server_abstractions.Configuration object at 0x00000190F48139A0>,34,36,-0.4726468100868175,,0.30000000000000004,0.17264681008681748
61,62,7,<pyews.server_abstractions.Configuration object at 0x00000190F48139A0>,34,37,-0.461115278555286,,0.2884684684684685,0.17264681008681748
62,63,7,<pyews.server_abstractions.Configuration object at 0x00000190F48139A0>,34,33,-0.3823437797837872,,0.2096969696969697,0.17264681008681748
63,64,14,<pyews.server_abstractions.Configuration object at 0x00000190EE2E6E00>,7,38,-4.0,,2.0,2.0
64,65,24,<pyews.server_abstractions.Configuration object at 0x00000190EE2D3A00>,5,41,-4.0,10.42390251159668,2.0,2.0
65,66,35,<pyews.server_abstractions.Configuration object at 0x00000190F4810520>,3,34,-4.0,332068.3125,2.0,2.0
66,67,8,<pyews.server_abstractions.Configuration object at 0x00000190EE2FC760>,27,38,-4.0,137.80624389648438,2.0,2.0
67,68,19,<pyews.server_abstractions.Configuration object at 0x00000190F4812CE0>,8,34,-0.5421651726721111,10.214240074157715,0.27303921568627443,0.26912595698583663
68,69,35,<pyews.server_abstractions.Configuration object at 0x00000190F4810520>,3,33,-4.0,279.9664611816406,2.0,2.0
69,70,39,<pyews.server_abstractions.Configuration object at 0x00000190EE2B4C40>,13,36,-4.0,155.48748779296875,2.0,2.0
70,71,40,<pyews.server_abstractions.Configuration object at 0x00000190EE2D1180>,40,43,-4.0,11.773382186889648,2.0,2.0
71,72,35,<pyews.server_abstractions.Configuration object at 0x00000190F4810520>,3,35,-4.0,13.35658073425293,2.0,2.0
72,73,4,<pyews.server_abstractions.Configuration object at 0x00000190F481D4E0>,9,39,-0.6585877627835726,5.250060558319092,0.34589743589743593,0.3126903268861366
73,74,4,<pyews.server_abstractions.Configuration object at 0x00000190F481D4E0>,9,37,-0.5844020385978483,5.326930046081543,0.2717117117117117,0.3126903268861366
74,75,22,<pyews.server_abstractions.Configuration object at 0x00000190EE2C6F20>,24,35,-0.6300796749371325,1.4419100284576416,0.27809523809523806,0.3519844368418944
75,76,3,<pyews.server_abstractions.Configuration object at 0x00000190EE2D1AE0>,37,41,-4.0,0.4639202356338501,2.0,2.0
76,77,6,<pyews.server_abstractions.Configuration object at 0x00000190EDFDBAC0>,23,38,-4.0,0.5476202964782715,2.0,2.0
77,78,14,<pyews.server_abstractions.Configuration object at 0x00000190EE2E6E00>,7,38,-4.0,0.9186384677886963,2.0,2.0
78,79,37,<pyews.server_abstractions.Configuration object at 0x00000190F48111E0>,21,32,-4.0,0.6181361675262451,2.0,2.0
79,80,7,<pyews.server_abstractions.Configuration object at 0x00000190F48139A0>,34,32,-0.41066764342015083,0.2089540660381317,0.23802083333333335,0.17264681008681748
80,81,34,<pyews.server_abstractions.Configuration object at 0x00000190EE2C49A0>,14,42,-4.0,0.1938951164484024,2.0,2.0
81,82,12,<pyews.server_abstractions.Configuration object at 0x00000190F481C820>,16,32,-0.3888196158806121,0.12970778346061707,0.26968749999999997,0.11913211588061212
82,83,8,<pyews.server_abstractions.Configuration object at 0x00000190EE2FC760>,27,40,-4.0,0.14055143296718597,2.0,2.0
83,84,26,<pyews.server_abstractions.Configuration object at 0x00000190EE2B6440>,4,34,-0.4304748735159996,0.09823732078075409,0.28549019607843146,0.14498467743756815
84,85,21,<pyews.server_abstractions.Configuration object at 0x00000190EE273640>,2,40,-4.0,0.10602590441703796,2.0,2.0
85,86,25,<pyews.server_abstractions.Configuration object at 0x00000190EE2FE5C0>,30,42,-4.0,0.1433602124452591,2.0,2.0
86,87,25,<pyews.server_abstractions.Configuration object at 0x00000190EE2FE5C0>,30,40,-4.0,0.26664257049560547,2.0,2.0
87,88,15,<pyews.server_abstractions.Configuration object at 0x00000190EE2D25C0>,35,40,-4.0,1.782474160194397,2.0,2.0
88,89,18,<pyews.server_abstractions.Configuration object at 0x00000190EE2E6080>,12,39,-4.0,0.9414858818054199,2.0,2.0
89,90,11,<pyews.server_abstractions.Configuration object at 0x00000190EE2E7A00>,20,35,-4.0,0.7578672170639038,2.0,2.0
90,91,5,<pyews.server_abstractions.Configuration object at 0x00000190EE2FDC60>,33,41,-4.0,0.5453240871429443,2.0,2.0
91,92,7,<pyews.server_abstractions.Configuration object at 0x00000190F48139A0>,34,34,-0.4320585747926998,0.6271596550941467,0.25941176470588234,0.17264681008681748
92,93,7,<pyews.server_abstractions.Configuration object at 0x00000190F48139A0>,34,33,-0.3906266080666154,0.2760527729988098,0.21797979797979794,0.17264681008681748
93,94,0,<pyews.server_abstractions.Configuration object at 0x00000190EE2C6320>,10,41,-4.0,0.140121191740036,2.0,2.0
94,95,11,<pyews.server_abstractions.Configuration object at 0x00000190EE2E7A00>,20,33,-4.0,0.09888499975204468,2.0,2.0
95,96,1,<pyews.server_abstractions.Configuration object at 0x00000190EE2C7C40>,28,41,-4.0,0.18374648690223694,2.0,2.0
96,97,2,<pyews.server_abstractions.Configuration object at 0x00000190F481EFE0>,31,39,-4.0,0.5970145463943481,2.0,2.0
97,98,20,<pyews.server_abstractions.Configuration object at 0x00000190EE2C55A0>,1,39,-4.0,1.2916905879974365,2.0,2.0
98,99,34,<pyews.server_abstractions.Configuration object at 0x00000190EE2C49A0>,14,40,-4.0,0.5151290893554688,2.0,2.0
99,100,16,<pyews.server_abstractions.Configuration object at 0x00000190EE2E4880>,19,38,-4.0,0.27138182520866394,2.0,2.0
100,101,38,<pyews.server_abstractions.Configuration object at 0x00000190B7153760>,41,38,-4.0,0.598821759223938,2.0,2.0
101,102,23,<pyews.server_abstractions.Configuration object at 0x00000190EE271FC0>,32,39,-4.0,0.7610523104667664,2.0,2.0
102,103,19,<pyews.server_abstractions.Configuration object at 0x00000190F4812CE0>,8,37,-0.5967836146434944,0.7686020135879517,0.3276576576576577,0.26912595698583663
103,104,7,<pyews.server_abstractions.Configuration object at 0x00000190F48139A0>,34,34,-0.4495095551848567,0.29572629928588867,0.2768627450980392,0.17264681008681748
104,105,7,<pyews.server_abstractions.Configuration object at 0x00000190F48139A0>,34,32,-0.3904593100868175,0.30849212408065796,0.21781250000000002,0.17264681008681748
105,106,7,<pyews.server_abstractions.Configuration object at 0x00000190F48139A0>,34,34,-0.43019582969466064,0.13507989048957825,0.25754901960784315,0.17264681008681748
106,107,26,<pyews.server_abstractions.Configuration object at 0x00000190EE2B6440>,4,32,-0.3745680107709015,0.08183272182941437,0.22958333333333336,0.14498467743756815
107,108,26,<pyews.server_abstractions.Configuration object at 0x00000190EE2B6440>,4,34,-0.3876317362610976,0.025498326867818832,0.2426470588235294,0.14498467743756815
108,109,10,<pyews.server_abstractions.Configuration object at 0x00000190EE2B6F20>,25,41,-4.0,0.1949702650308609,2.0,2.0
109,110,12,<pyews.server_abstractions.Configuration object at 0x00000190F481C820>,16,34,-0.4037399590178671,0.1268342286348343,0.28460784313725496,0.11913211588061212
110,111,12,<pyews.server_abstractions.Configuration object at 0x00000190F481C820>,16,29,-0.2830401618576236,0.04722815006971359,0.16390804597701147,0.11913211588061212
111,112,12,<pyews.server_abstractions.Configuration object at 0x00000190F481C820>,16,35,-0.39979878254727874,0.16674664616584778,0.2806666666666666,0.11913211588061212
112,113,12,<pyews.server_abstractions.Configuration object at 0x00000190F481C820>,16,35,-0.37351306826156455,0.33741965889930725,0.25438095238095243,0.11913211588061212
113,114,12,<pyews.server_abstractions.Configuration object at 0x00000190F481C820>,16,34,-0.4291321158806121,0.11941453814506531,0.31,0.11913211588061212
114,115,19,<pyews.server_abstractions.Configuration object at 0x00000190F4812CE0>,8,33,-0.523570401430281,0.1420605182647705,0.25444444444444436,0.26912595698583663
115,116,19,<pyews.server_abstractions.Configuration object at 0x00000190F4812CE0>,8,33,-0.49488353274341246,0.15688146650791168,0.2257575757575758,0.26912595698583663
116,117,19,<pyews.server_abstractions.Configuration object at 0x00000190F4812CE0>,8,36,-0.50495929031917,0.06557173281908035,0.23583333333333334,0.26912595698583663
117,118,19,<pyews.server_abstractions.Configuration object at 0x00000190F4812CE0>,8,29,-0.44590756618123895,0.13802611827850342,0.17678160919540228,0.26912595698583663
118,119,7,<pyews.server_abstractions.Configuration object at 0x00000190F48139A0>,34,30,-0.3686468100868175,0.07757021486759186,0.196,0.17264681008681748
119,120,7,<pyews.server_abstractions.Configuration object at 0x00000190F48139A0>,34,29,-0.38264681008681745,0.01659420318901539,0.20999999999999996,0.17264681008681748
120,121,7,<pyews.server_abstractions.Configuration object at 0x00000190F48139A0>,34,31,-0.37114143374273145,0.04673925042152405,0.198494623655914,0.17264681008681748
121,122,7,<pyews.server_abstractions.Configuration object at 0x00000190F48139A0>,34,36,-0.44236903230903973,0.249113529920578,0.26972222222222225,0.17264681008681748
122,123,7,<pyews.server_abstractions.Configuration object at 0x00000190F48139A0>,34,33,-0.3833538807938882,0.11204821616411209,0.2107070707070707,0.17264681008681748
123,124,7,<pyews.server_abstractions.Configuration object at 0x00000190F48139A0>,34,31,-0.36361455202230136,0.09542550146579742,0.19096774193548388,0.17264681008681748
124,125,28,<pyews.server_abstractions.Configuration object at 0x00000190EE2FFA00>,6,30,-4.0,0.03908921033143997,2.0,2.0
125,126,26,<pyews.server_abstractions.Configuration object at 0x00000190EE2B6440>,4,36,-0.47600319595608664,0.08094470202922821,0.3310185185185185,0.14498467743756815
126,127,26,<pyews.server_abstractions.Configuration object at 0x00000190EE2B6440>,4,37,-0.39435404680693753,0.06466987729072571,0.24936936936936938,0.14498467743756815
127,128,7,<pyews.server_abstractions.Configuration object at 0x00000190F48139A0>,34,33,-0.46527307271308005,0.1134670227766037,0.29262626262626257,0.17264681008681748
128,129,12,<pyews.server_abstractions.Configuration object at 0x00000190F481C820>,16,34,-0.40962231195904353,0.04259071871638298,0.2904901960784314,0.11913211588061212
129,130,12,<pyews.server_abstractions.Configuration object at 0x00000190F481C820>,16,32,-0.3676737825472788,0.012122686952352524,0.24854166666666666,0.11913211588061212
130,131,12,<pyews.server_abstractions.Configuration object at 0x00000190F481C820>,16,34,-0.36393603744923964,0.018071003258228302,0.24480392156862749,0.11913211588061212
131,132,12,<pyews.server_abstractions.Configuration object at 0x00000190F481C820>,16,33,-0.3452937320422283,0.045744605362415314,0.22616161616161617,0.11913211588061212
132,133,12,<pyews.server_abstractions.Configuration object at 0x00000190F481C820>,16,34,-0.36197525313551404,0.030710846185684204,0.24284313725490195,0.11913211588061212
133,134,12,<pyews.server_abstractions.Configuration object at 0x00000190F481C820>,16,34,-0.39423015509629833,0.050219807773828506,0.2750980392156862,0.11913211588061212
134,135,12,<pyews.server_abstractions.Configuration object at 0x00000190F481C820>,16,35,-0.36922735397585016,0.03355789929628372,0.25009523809523804,0.11913211588061212
135,136,12,<pyews.server_abstractions.Configuration object at 0x00000190F481C820>,16,33,-0.35589979264828886,0.007246657740324736,0.23676767676767674,0.11913211588061212
136,137,12,<pyews.server_abstractions.Configuration object at 0x00000190F481C820>,16,32,-0.3666321158806121,0.028484176844358444,0.2475,0.11913211588061212
137,138,26,<pyews.server_abstractions.Configuration object at 0x00000190EE2B6440>,4,37,-0.43939909185198256,0.019121767953038216,0.2944144144144144,0.14498467743756815
138,139,35,<pyews.server_abstractions.Configuration object at 0x00000190F4810520>,3,35,-4.0,0.047583356499671936,2.0,2.0
139,140,26,<pyews.server_abstractions.Configuration object at 0x00000190EE2B6440>,4,35,-0.4126037250566158,0.036030229181051254,0.26761904761904765,0.14498467743756815
140,141,26,<pyews.server_abstractions.Configuration object at 0x00000190EE2B6440>,4,35,-0.3885084869613777,0.030951926484704018,0.24352380952380953,0.14498467743756815
141,142,26,<pyews.server_abstractions.Configuration object at 0x00000190EE2B6440>,4,30,-0.33009578854867927,0.03459787368774414,0.1851111111111111,0.14498467743756815
142,143,26,<pyews.server_abstractions.Configuration object at 0x00000190EE2B6440>,4,37,-0.4633630558159465,0.01895878277719021,0.31837837837837835,0.14498467743756815
143,144,17,<pyews.server_abstractions.Configuration object at 0x00000190EE2FD300>,11,39,-4.0,0.022077500820159912,2.0,2.0
144,145,26,<pyews.server_abstractions.Configuration object at 0x00000190EE2B6440>,4,31,-0.31605994625477246,0.016427062451839447,0.1710752688172043,0.14498467743756815
145,146,4,<pyews.server_abstractions.Configuration object at 0x00000190F481D4E0>,9,35,-0.5857379459337557,0.046724870800971985,0.27304761904761904,0.3126903268861366
146,147,12,<pyews.server_abstractions.Configuration object at 0x00000190F481C820>,16,38,-0.44553562465254193,0.027458705008029938,0.3264035087719298,0.11913211588061212
147,148,12,<pyews.server_abstractions.Configuration object at 0x00000190F481C820>,16,38,-0.47518474745955946,0.01623781956732273,0.35605263157894734,0.11913211588061212
148,149,12,<pyews.server_abstractions.Configuration object at 0x00000190F481C820>,16,36,-0.3985765603250565,0.005847667809575796,0.2794444444444444,0.11913211588061212
149,150,12,<pyews.server_abstractions.Configuration object at 0x00000190F481C820>,16,30,-0.313021004769501,0.004972717259079218,0.19388888888888892,0.11913211588061212
150,151,12,<pyews.server_abstractions.Configuration object at 0x00000190F481C820>,16,35,-0.38522735397585023,0.0034251981414854527,0.2660952380952381,0.11913211588061212
151,152,12,<pyews.server_abstractions.Configuration object at 0x00000190F481C820>,16,36,-0.40431730106579733,0.018795127049088478,0.2851851851851852,0.11913211588061212
152,153,12,<pyews.server_abstractions.Configuration object at 0x00000190F481C820>,16,37,-0.4194023861508823,0.007864774204790592,0.3002702702702702,0.11913211588061212
153,154,12,<pyews.server_abstractions.Configuration object at 0x00000190F481C820>,16,33,-0.39398060072909696,0.007833639159798622,0.27484848484848484,0.11913211588061212
154,155,0,<pyews.server_abstractions.Configuration object at 0x00000190EE2C6320>,10,38,-4.0,0.008909447118639946,2.0,2.0
155,156,12,<pyews.server_abstractions.Configuration object at 0x00000190F481C820>,16,28,-0.33948925873775493,0.005972023122012615,0.22035714285714283,0.11913211588061212
156,157,12,<pyews.server_abstractions.Configuration object at 0x00000190F481C820>,16,35,-0.34475116349965973,0.002194249304011464,0.2256190476190476,0.11913211588061212
157,158,26,<pyews.server_abstractions.Configuration object at 0x00000190EE2B6440>,4,33,-0.3875099299628207,0.007876777090132236,0.24252525252525253,0.14498467743756815
158,159,26,<pyews.server_abstractions.Configuration object at 0x00000190EE2B6440>,4,37,-0.4407504432033339,0.006736477836966515,0.29576576576576574,0.14498467743756815
159,160,26,<pyews.server_abstractions.Configuration object at 0x00000190EE2B6440>,4,38,-0.43594958971826986,0.009594917297363281,0.2909649122807017,0.14498467743756815
160,161,26,<pyews.server_abstractions.Configuration object at 0x00000190EE2B6440>,4,37,-0.4375972900501808,0.004079396370798349,0.2926126126126126,0.14498467743756815
161,162,26,<pyews.server_abstractions.Configuration object at 0x00000190EE2B6440>,4,38,-0.4618267827007261,0.002775257918983698,0.3168421052631579,0.14498467743756815
162,163,26,<pyews.server_abstractions.Configuration object at 0x00000190EE2B6440>,4,36,-0.47405875151164223,0.0025304239243268967,0.3290740740740741,0.14498467743756815
163,164,26,<pyews.server_abstractions.Configuration object at 0x00000190EE2B6440>,4,33,-0.3386210410739318,0.00181475596036762,0.19363636363636366,0.14498467743756815
164,165,12,<pyews.server_abstractions.Configuration object at 0x00000190F481C820>,16,38,-0.46562334395078764,0.0013921381905674934,0.3464912280701755,0.11913211588061212
165,166,12,<pyews.server_abstractions.Configuration object at 0x00000190F481C820>,16,34,-0.3959948609786514,0.0017926907166838646,0.27686274509803926,0.11913211588061212
166,167,12,<pyews.server_abstractions.Configuration object at 0x00000190F481C820>,16,34,-0.39815172372374935,0.0025149609427899122,0.27901960784313723,0.11913211588061212
167,168,12,<pyews.server_abstractions.Configuration object at 0x00000190F481C820>,16,40,-0.46463211588061215,0.004250001162290573,0.34550000000000003,0.11913211588061212
168,169,12,<pyews.server_abstractions.Configuration object at 0x00000190F481C820>,16,31,-0.29321813738598845,0.001710832817479968,0.17408602150537633,0.11913211588061212
169,170,12,<pyews.server_abstractions.Configuration object at 0x00000190F481C820>,16,35,-0.40675116349965973,0.002368620131164789,0.2876190476190476,0.11913211588061212
170,171,12,<pyews.server_abstractions.Configuration object at 0x00000190F481C820>,16,33,-0.30812201487051116,0.0021346788853406906,0.188989898989899,0.11913211588061212
171,172,26,<pyews.server_abstractions.Configuration object at 0x00000190EE2B6440>,4,35,-0.45003229648518717,0.000832814141176641,0.305047619047619,0.14498467743756815
172,173,26,<pyews.server_abstractions.Configuration object at 0x00000190EE2B6440>,4,33,-0.3310452834981742,0.0007974090985953808,0.18606060606060604,0.14498467743756815
173,174,26,<pyews.server_abstractions.Configuration object at 0x00000190EE2B6440>,4,33,-0.42639881885170955,0.0018070669611915946,0.2814141414141414,0.14498467743756815
174,175,26,<pyews.server_abstractions.Configuration object at 0x00000190EE2B6440>,4,38,-0.42691450199897163,0.0024048201739788055,0.2819298245614035,0.14498467743756815
175,176,21,<pyews.server_abstractions.Configuration object at 0x00000190EE273640>,2,41,-4.0,0.004324101842939854,2.0,2.0
176,177,26,<pyews.server_abstractions.Configuration object at 0x00000190EE2B6440>,4,31,-0.3955223118461703,0.00470397062599659,0.25053763440860216,0.14498467743756815
177,178,12,<pyews.server_abstractions.Configuration object at 0x00000190F481C820>,16,33,-0.4133745401230363,0.0014086198061704636,0.2942424242424242,0.11913211588061212
178,179,12,<pyews.server_abstractions.Configuration object at 0x00000190F481C820>,16,34,-0.3813870178413964,0.0010145017877221107,0.26225490196078427,0.11913211588061212
179,180,12,<pyews.server_abstractions.Configuration object at 0x00000190F481C820>,16,30,-0.31668767143616766,0.001148388721048832,0.19755555555555554,0.11913211588061212
180,181,12,<pyews.server_abstractions.Configuration object at 0x00000190F481C820>,16,35,-0.36979878254727877,0.002164245583117008,0.25066666666666665,0.11913211588061212
181,182,12,<pyews.server_abstractions.Configuration object at 0x00000190F481C820>,16,33,-0.36095029769879394,0.0030125780031085014,0.24181818181818182,0.11913211588061212
182,183,12,<pyews.server_abstractions.Configuration object at 0x00000190F481C820>,16,34,-0.3906027041159062,0.0016908003017306328,0.2714705882352941,0.11913211588061212
183,184,12,<pyews.server_abstractions.Configuration object at 0x00000190F481C820>,16,33,-0.38468767143616767,0.0022672899067401886,0.26555555555555554,0.11913211588061212
184,185,12,<pyews.server_abstractions.Configuration object at 0x00000190F481C820>,16,32,-0.3498612825472788,0.0007328313076868653,0.23072916666666665,0.11913211588061212
185,186,26,<pyews.server_abstractions.Configuration object at 0x00000190EE2B6440>,4,37,-0.4278675603204511,0.0009162106434814632,0.28288288288288294,0.14498467743756815
186,187,26,<pyews.server_abstractions.Configuration object at 0x00000190EE2B6440>,4,35,-0.4422227726756633,0.0006498274742625654,0.29723809523809513,0.14498467743756815
187,188,26,<pyews.server_abstractions.Configuration object at 0x00000190EE2B6440>,4,30,-0.3212068996597903,0.0011991544160991907,0.1762222222222222,0.14498467743756815
188,189,12,<pyews.server_abstractions.Configuration object at 0x00000190F481C820>,16,29,-0.28993671358176154,0.0025718235410749912,0.17080459770114942,0.11913211588061212
189,190,12,<pyews.server_abstractions.Configuration object at 0x00000190F481C820>,16,30,-0.3203543381028343,0.0016020896146073937,0.20122222222222222,0.11913211588061212
190,191,12,<pyews.server_abstractions.Configuration object at 0x00000190F481C820>,16,32,-0.3329862825472788,0.0010892965365201235,0.21385416666666668,0.11913211588061212
191,192,12,<pyews.server_abstractions.Configuration object at 0x00000190F481C820>,16,32,-0.35319461588061213,0.00081129081081599,0.2340625,0.11913211588061212
192,193,38,<pyews.server_abstractions.Configuration object at 0x00000190B7153760>,41,40,-4.0,0.0013941723154857755,2.0,2.0
193,194,12,<pyews.server_abstractions.Configuration object at 0x00000190F481C820>,16,33,-0.36054625729475354,0.0008753227302804589,0.24141414141414141,0.11913211588061212
194,195,12,<pyews.server_abstractions.Configuration object at 0x00000190F481C820>,16,35,-0.3914178301663264,0.001011105952784419,0.2722857142857143,0.11913211588061212
195,196,12,<pyews.server_abstractions.Configuration object at 0x00000190F481C820>,16,37,-0.40246544921394545,0.0016986540285870433,0.2833333333333333,0.11913211588061212
196,197,12,<pyews.server_abstractions.Configuration object at 0x00000190F481C820>,16,34,-0.3999164296061023,0.0006011744262650609,0.2807843137254902,0.11913211588061212
197,198,7,<pyews.server_abstractions.Configuration object at 0x00000190F48139A0>,34,30,-0.37442458786459526,0.0016917636385187507,0.20177777777777778,0.17264681008681748
198,199,7,<pyews.server_abstractions.Configuration object at 0x00000190F48139A0>,34,36,-0.44820236564237304,0.0016961598303169012,0.27555555555555555,0.17264681008681748
199,200,26,<pyews.server_abstractions.Configuration object at 0x00000190EE2B6440>,4,32,-0.3707138441042348,0.0014856745256111026,0.22572916666666665,0.14498467743756815
200,201,26,<pyews.server_abstractions.Configuration object at 0x00000190EE2B6440>,4,29,-0.2873984705410164,0.0007390606915578246,0.14241379310344826,0.14498467743756815
201,202,26,<pyews.server_abstractions.Configuration object at 0x00000190EE2B6440>,4,38,-0.442528537086691,0.0004923147498629987,0.29754385964912283,0.14498467743756815
202,203,26,<pyews.server_abstractions.Configuration object at 0x00000190EE2B6440>,4,39,-0.44054023299312367,0.0012198130134493113,0.2955555555555555,0.14498467743756815
203,204,12,<pyews.server_abstractions.Configuration object at 0x00000190F481C820>,16,37,-0.4632762600247563,0.0011951156193390489,0.3441441441441442,0.11913211588061212
204,205,12,<pyews.server_abstractions.Configuration object at 0x00000190F481C820>,16,34,-0.36001446882178856,0.0017387026455253363,0.24088235294117646,0.11913211588061212
205,206,12,<pyews.server_abstractions.Configuration object at 0x00000190F481C820>,16,36,-0.43987285662135295,0.0008452299516648054,0.3207407407407408,0.11913211588061212
206,207,12,<pyews.server_abstractions.Configuration object at 0x00000190F481C820>,16,31,-0.3409600728698594,0.0010129129514098167,0.22182795698924732,0.11913211588061212
207,208,12,<pyews.server_abstractions.Configuration object at 0x00000190F481C820>,16,37,-0.46868166543016165,0.001225580694153905,0.34954954954954953,0.11913211588061212
208,209,12,<pyews.server_abstractions.Configuration object at 0x00000190F481C820>,16,36,-0.4051506343991307,0.0006906696944497526,0.28601851851851856,0.11913211588061212
209,210,26,<pyews.server_abstractions.Configuration object at 0x00000190EE2B6440>,4,32,-0.3862346774375682,0.001292205648496747,0.24125000000000002,0.14498467743756815
210,211,26,<pyews.server_abstractions.Configuration object at 0x00000190EE2B6440>,4,37,-0.42381350626639697,0.0008170590735971928,0.2788288288288288,0.14498467743756815
211,212,26,<pyews.server_abstractions.Configuration object at 0x00000190EE2B6440>,4,33,-0.36720689965979036,0.0010228999890387058,0.22222222222222224,0.14498467743756815
212,213,26,<pyews.server_abstractions.Configuration object at 0x00000190EE2B6440>,4,39,-0.4498564723093631,0.0010133578907698393,0.30487179487179494,0.14498467743756815
213,214,12,<pyews.server_abstractions.Configuration object at 0x00000190F481C820>,16,35,-0.4146559254044216,0.0004931907169520855,0.29552380952380947,0.11913211588061212
214,215,12,<pyews.server_abstractions.Configuration object at 0x00000190F481C820>,16,36,-0.3969098936583899,0.000960612902417779,0.2777777777777778,0.11913211588061212
215,216,12,<pyews.server_abstractions.Configuration object at 0x00000190F481C820>,16,29,-0.307293035420842,0.0016775309341028333,0.1881609195402299,0.11913211588061212
216,217,12,<pyews.server_abstractions.Configuration object at 0x00000190F481C820>,16,33,-0.39832403507253134,0.0009943783516064286,0.2791919191919192,0.11913211588061212
217,218,12,<pyews.server_abstractions.Configuration object at 0x00000190F481C820>,16,31,-0.3475192126548057,0.0009599867044016719,0.22838709677419355,0.11913211588061212
218,219,26,<pyews.server_abstractions.Configuration object at 0x00000190EE2B6440>,4,34,-0.42821997155521524,0.001468149246647954,0.2832352941176471,0.14498467743756815
219,220,26,<pyews.server_abstractions.Configuration object at 0x00000190EE2B6440>,4,35,-0.4065084869613777,0.0008899923413991928,0.26152380952380955,0.14498467743756815
220,221,12,<pyews.server_abstractions.Configuration object at 0x00000190F481C820>,16,30,-0.298021004769501,0.0008598549757152796,0.1788888888888889,0.11913211588061212
221,222,12,<pyews.server_abstractions.Configuration object at 0x00000190F481C820>,16,37,-0.4092222059707022,0.000611701572779566,0.29009009009009007,0.11913211588061212
222,223,12,<pyews.server_abstractions.Configuration object at 0x00000190F481C820>,16,33,-0.39014221689071316,0.002479552524164319,0.27101010101010103,0.11913211588061212
223,224,26,<pyews.server_abstractions.Configuration object at 0x00000190EE2B6440>,4,30,-0.35987356632645706,0.0006646523252129555,0.2148888888888889,0.14498467743756815
224,225,26,<pyews.server_abstractions.Configuration object at 0x00000190EE2B6440>,4,36,-0.4066513441042348,0.0012980520259588957,0.26166666666666666,0.14498467743756815
225,226,26,<pyews.server_abstractions.Configuration object at 0x00000190EE2B6440>,4,34,-0.43067095194737204,0.0037918766029179096,0.2856862745098039,0.14498467743756815
226,227,12,<pyews.server_abstractions.Configuration object at 0x00000190F481C820>,16,32,-0.38923628254727877,0.0005287903477437794,0.27010416666666665,0.11913211588061212
227,228,12,<pyews.server_abstractions.Configuration object at 0x00000190F481C820>,16,30,-0.3247987825472788,0.002971820067614317,0.20566666666666666,0.11913211588061212
228,229,12,<pyews.server_abstractions.Configuration object at 0x00000190F481C820>,16,37,-0.4146276113761076,0.0028680223040282726,0.2954954954954955,0.11913211588061212
229,230,12,<pyews.server_abstractions.Configuration object at 0x00000190F481C820>,16,31,-0.3528955567408271,0.0006832919898442924,0.233763440860215,0.11913211588061212
230,231,26,<pyews.server_abstractions.Configuration object at 0x00000190EE2B6440>,4,37,-0.45192161437450507,0.0013849195092916489,0.3069369369369369,0.14498467743756815
231,232,26,<pyews.server_abstractions.Configuration object at 0x00000190EE2B6440>,4,31,-0.30165134410423483,0.0031297453679144382,0.15666666666666668,0.14498467743756815
232,233,26,<pyews.server_abstractions.Configuration object at 0x00000190EE2B6440>,4,34,-0.3883180107709015,0.0024145825300365686,0.24333333333333335,0.14498467743756815
233,234,26,<pyews.server_abstractions.Configuration object at 0x00000190EE2B6440>,4,37,-0.4209306233835141,0.0007393586565740407,0.27594594594594596,0.14498467743756815
234,235,12,<pyews.server_abstractions.Configuration object at 0x00000190F481C820>,16,33,-0.36559676234525856,0.002167370170354843,0.24646464646464644,0.11913211588061212
235,236,12,<pyews.server_abstractions.Configuration object at 0x00000190F481C820>,16,31,-0.31773426641824654,0.002151797991245985,0.1986021505376344,0.11913211588061212
236,237,12,<pyews.server_abstractions.Configuration object at 0x00000190F481C820>,16,30,-0.302021004769501,0.0006191423744894564,0.18288888888888888,0.11913211588061212
237,238,26,<pyews.server_abstractions.Configuration object at 0x00000190EE2B6440>,4,35,-0.42717515362804437,0.001378244487568736,0.2821904761904762,0.14498467743756815
238,239,26,<pyews.server_abstractions.Configuration object at 0x00000190EE2B6440>,4,34,-0.37331801077090143,0.00342372409068048,0.2283333333333333,0.14498467743756815
239,240,12,<pyews.server_abstractions.Configuration object at 0x00000190F481C820>,16,34,-0.3809948609786514,0.00095431535737589,0.26186274509803925,0.11913211588061212
240,241,12,<pyews.server_abstractions.Configuration object at 0x00000190F481C820>,16,37,-0.4416546384031347,0.001524452120065689,0.32252252252252256,0.11913211588061212
241,242,12,<pyews.server_abstractions.Configuration object at 0x00000190F481C820>,16,33,-0.39579878254727874,0.0033885573502629995,0.2766666666666666,0.11913211588061212
242,243,12,<pyews.server_abstractions.Configuration object at 0x00000190F481C820>,16,35,-0.41598925873775494,0.002021697349846363,0.2968571428571428,0.11913211588061212
243,244,26,<pyews.server_abstractions.Configuration object at 0x00000190EE2B6440>,4,35,-0.4137465821994729,0.0009003541781567037,0.26876190476190476,0.14498467743756815
244,245,26,<pyews.server_abstractions.Configuration object at 0x00000190EE2B6440>,4,36,-0.4008180107709015,0.0019553182646632195,0.25583333333333336,0.14498467743756815
245,246,26,<pyews.server_abstractions.Configuration object at 0x00000190EE2B6440>,4,32,-0.3869638441042348,0.002321230247616768,0.24197916666666666,0.14498467743756815
246,247,26,<pyews.server_abstractions.Configuration object at 0x00000190EE2B6440>,4,37,-0.414804497257388,0.0028456849977374077,0.26981981981981984,0.14498467743756815
247,248,12,<pyews.server_abstractions.Configuration object at 0x00000190F481C820>,16,36,-0.45746544921394544,0.0014580868883058429,0.3383333333333333,0.11913211588061212
248,249,12,<pyews.server_abstractions.Configuration object at 0x00000190F481C820>,16,33,-0.32791999466849087,0.0023816179018467665,0.20878787878787874,0.11913211588061212
249,250,12,<pyews.server_abstractions.Configuration object at 0x00000190F481C820>,16,38,-0.4372900106174542,0.007136899046599865,0.3181578947368421,0.11913211588061212
250,251,12,<pyews.server_abstractions.Configuration object at 0x00000190F481C820>,16,35,-0.35475116349965974,0.0012965425848960876,0.23561904761904762,0.11913211588061212
251,252,26,<pyews.server_abstractions.Configuration object at 0x00000190EE2B6440>,4,39,-0.4396855321384228,0.004438567440956831,0.29470085470085466,0.14498467743756815
252,253,26,<pyews.server_abstractions.Configuration object at 0x00000190EE2B6440>,4,32,-0.3719638441042348,0.005334109999239445,0.22697916666666665,0.14498467743756815
253,254,26,<pyews.server_abstractions.Configuration object at 0x00000190EE2B6440>,4,40,-0.44023467743756817,0.0007945963880047202,0.29525,0.14498467743756815
254,255,12,<pyews.server_abstractions.Configuration object at 0x00000190F481C820>,16,35,-0.4276083063568025,0.0004383821797091514,0.3084761904761904,0.11913211588061212
255,256,12,<pyews.server_abstractions.Configuration object at 0x00000190F481C820>,16,34,-0.3979556452923768,0.002369253896176815,0.2788235294117647,0.11913211588061212
256,257,12,<pyews.server_abstractions.Configuration object at 0x00000190F481C820>,16,31,-0.29676652448276264,0.003521085251122713,0.17763440860215055,0.11913211588061212
257,258,7,<pyews.server_abstractions.Configuration object at 0x00000190F48139A0>,34,31,-0.4039371326674627,0.0017346274107694626,0.23129032258064516,0.17264681008681748
258,259,26,<pyews.server_abstractions.Configuration object at 0x00000190EE2B6440>,4,32,-0.37258884410423476,0.0009577169548720121,0.22760416666666664,0.14498467743756815
259,260,26,<pyews.server_abstractions.Configuration object at 0x00000190EE2B6440>,4,36,-0.4419291218820126,0.004965145606547594,0.29694444444444446,0.14498467743756815
260,261,26,<pyews.server_abstractions.Configuration object at 0x00000190EE2B6440>,4,34,-0.3991023244963917,0.002986443229019642,0.25411764705882356,0.14498467743756815
261,262,26,<pyews.server_abstractions.Configuration object at 0x00000190EE2B6440>,4,40,-0.4793180107709016,0.00039348762948065996,0.3343333333333334,0.14498467743756815
262,263,12,<pyews.server_abstractions.Configuration object at 0x00000190F481C820>,16,34,-0.41334780215512196,0.0014711233088746667,0.29421568627450984,0.11913211588061212
263,264,12,<pyews.server_abstractions.Configuration object at 0x00000190F481C820>,16,33,-0.3489300956785919,0.001707676099613309,0.2297979797979798,0.11913211588061212
264,265,12,<pyews.server_abstractions.Configuration object at 0x00000190F481C820>,16,37,-0.4086816654301617,0.0016133018070831895,0.2895495495495496,0.11913211588061212
265,266,12,<pyews.server_abstractions.Configuration object at 0x00000190F481C820>,16,35,-0.3601797349282312,0.0013359605800360441,0.24104761904761907,0.11913211588061212
266,267,12,<pyews.server_abstractions.Configuration object at 0x00000190F481C820>,16,34,-0.3477595668610043,0.0005324329831637442,0.22862745098039214,0.11913211588061212
267,268,26,<pyews.server_abstractions.Configuration object at 0x00000190EE2B6440>,4,30,-0.33698467743756816,0.001536381198093295,0.192,0.14498467743756815
268,269,26,<pyews.server_abstractions.Configuration object at 0x00000190EE2B6440>,4,32,-0.33925551077090155,0.000849085277877748,0.19427083333333336,0.14498467743756815
269,270,26,<pyews.server_abstractions.Configuration object at 0x00000190EE2B6440>,4,31,-0.34831801077090147,0.0008320963243022561,0.2033333333333333,0.14498467743756815
270,271,26,<pyews.server_abstractions.Configuration object at 0x00000190EE2B6440>,4,31,-0.3513287634590735,0.0007760566659271717,0.20634408602150536,0.14498467743756815
271,272,7,<pyews.server_abstractions.Configuration object at 0x00000190F48139A0>,34,34,-0.4644115159691704,0.0005463711568154395,0.2917647058823529,0.17264681008681748
272,273,12,<pyews.server_abstractions.Configuration object at 0x00000190F481C820>,16,36,-0.420983967732464,0.0010127512505277991,0.30185185185185187,0.11913211588061212
273,274,12,<pyews.server_abstractions.Configuration object at 0x00000190F481C820>,16,33,-0.38408161083010706,0.001113756443373859,0.26494949494949493,0.11913211588061212
274,275,12,<pyews.server_abstractions.Configuration object at 0x00000190F481C820>,16,28,-0.2593702111187074,0.0005061473348177969,0.14023809523809525,0.11913211588061212
275,276,12,<pyews.server_abstractions.Configuration object at 0x00000190F481C820>,16,37,-0.4521951789436752,0.00047462122165597975,0.3330630630630631,0.11913211588061212
276,277,12,<pyews.server_abstractions.Configuration object at 0x00000190F481C820>,16,32,-0.36256961588061215,0.0009946564678102732,0.24343750000000003,0.11913211588061212
277,278,12,<pyews.server_abstractions.Configuration object at 0x00000190F481C820>,16,33,-0.3791321158806121,0.0013023563660681248,0.25999999999999995,0.11913211588061212
278,279,12,<pyews.server_abstractions.Configuration object at 0x00000190F481C820>,16,37,-0.40841139515989144,0.0006314378115348518,0.2892792792792793,0.11913211588061212
279,280,12,<pyews.server_abstractions.Configuration object at 0x00000190F481C820>,16,31,-0.3135407180311498,0.0003975435975007713,0.19440860215053765,0.11913211588061212
280,281,12,<pyews.server_abstractions.Configuration object at 0x00000190F481C820>,16,32,-0.35006961588061214,0.0006989811663515866,0.23093750000000002,0.11913211588061212
281,282,12,<pyews.server_abstractions.Configuration object at 0x00000190F481C820>,16,34,-0.35403407666492587,0.0008227337966673076,0.23490196078431375,0.11913211588061212
282,283,7,<pyews.server_abstractions.Configuration object at 0x00000190F48139A0>,34,32,-0.4229593100868175,0.001110487966798246,0.2503125,0.17264681008681748
283,284,12,<pyews.server_abstractions.Configuration object at 0x00000190F481C820>,16,30,-0.32046544921394543,0.001142276218160987,0.2013333333333333,0.11913211588061212
284,285,26,<pyews.server_abstractions.Configuration object at 0x00000190EE2B6440>,4,35,-0.43955610600899675,0.000439646712038666,0.2945714285714286,0.14498467743756815
285,286,26,<pyews.server_abstractions.Configuration object at 0x00000190EE2B6440>,4,33,-0.3809442733971641,0.0008023501140996814,0.23595959595959595,0.14498467743756815
286,287,26,<pyews.server_abstractions.Configuration object at 0x00000190EE2B6440>,4,40,-0.43615134410423484,0.000943225109949708,0.2911666666666667,0.14498467743756815
287,288,12,<pyews.server_abstractions.Configuration object at 0x00000190F481C820>,16,35,-0.4771321158806121,0.0014449432492256165,0.358,0.11913211588061212
288,289,12,<pyews.server_abstractions.Configuration object at 0x00000190F481C820>,16,35,-0.40532259207108834,0.0011128538753837347,0.2861904761904762,0.11913211588061212
289,290,12,<pyews.server_abstractions.Configuration object at 0x00000190F481C820>,16,33,-0.3282230249715212,0.0005815520416945219,0.20909090909090908,0.11913211588061212
290,291,12,<pyews.server_abstractions.Configuration object at 0x00000190F481C820>,16,31,-0.3204224384612573,0.0007446677191182971,0.20129032258064516,0.11913211588061212
291,292,12,<pyews.server_abstractions.Configuration object at 0x00000190F481C820>,16,31,-0.2936482449128702,0.0013444795040413737,0.17451612903225808,0.11913211588061212
292,293,7,<pyews.server_abstractions.Configuration object at 0x00000190F48139A0>,34,34,-0.48490171204760185,0.0011752232676371932,0.31225490196078437,0.17264681008681748
293,294,26,<pyews.server_abstractions.Configuration object at 0x00000190EE2B6440>,4,35,-0.4232703917232824,0.0013619300443679094,0.27828571428571425,0.14498467743756815
294,295,26,<pyews.server_abstractions.Configuration object at 0x00000190EE2B6440>,4,30,-0.3446513441042348,0.0010541968513280153,0.1996666666666667,0.14498467743756815
295,296,26,<pyews.server_abstractions.Configuration object at 0x00000190EE2B6440>,4,36,-0.40729949225238293,0.0013301762519404292,0.2623148148148148,0.14498467743756815
296,297,26,<pyews.server_abstractions.Configuration object at 0x00000190EE2B6440>,4,36,-0.42804023299312377,0.002253894228488207,0.2830555555555556,0.14498467743756815
297,298,12,<pyews.server_abstractions.Configuration object at 0x00000190F481C820>,16,33,-0.3457987825472788,0.0005227320361882448,0.22666666666666668,0.11913211588061212
298,299,12,<pyews.server_abstractions.Configuration object at 0x00000190F481C820>,16,33,-0.34862706537556165,0.0011002570390701294,0.2294949494949495,0.11913211588061212
299,300,12,<pyews.server_abstractions.Configuration object at 0x00000190F481C820>,16,34,-0.3781517237237494,0.0035378115717321634,0.25901960784313727,0.11913211588061212
300,301,12,<pyews.server_abstractions.Configuration object at 0x00000190F481C820>,16,31,-0.3521428685687842,0.0011777759063988924,0.2330107526881721,0.11913211588061212
301,302,12,<pyews.server_abstractions.Configuration object at 0x00000190F481C820>,16,33,-0.35488969163818795,0.0003803342115134001,0.2357575757575758,0.11913211588061212
302,303,26,<pyews.server_abstractions.Configuration object at 0x00000190EE2B6440>,4,35,-0.4321275345804253,0.0008282510098069906,0.28714285714285714,0.14498467743756815
303,304,26,<pyews.server_abstractions.Configuration object at 0x00000190EE2B6440>,4,36,-0.42026245521534594,0.0018795214127749205,0.2752777777777778,0.14498467743756815
304,305,26,<pyews.server_abstractions.Configuration object at 0x00000190EE2B6440>,4,36,-0.43572541817830884,0.0011713403509929776,0.2907407407407407,0.14498467743756815
305,306,26,<pyews.server_abstractions.Configuration object at 0x00000190EE2B6440>,4,36,-0.4405402329931237,0.0011248236987739801,0.29555555555555557,0.14498467743756815
306,307,12,<pyews.server_abstractions.Configuration object at 0x00000190F481C820>,16,29,-0.3067183227771638,0.0008418603101745248,0.1875862068965517,0.11913211588061212
307,308,12,<pyews.server_abstractions.Configuration object at 0x00000190F481C820>,16,30,-0.310021004769501,0.0013466631062328815,0.19088888888888889,0.11913211588061212
308,309,12,<pyews.server_abstractions.Configuration object at 0x00000190F481C820>,16,34,-0.4017791747041416,0.0008930953918024898,0.2826470588235295,0.11913211588061212
309,310,12,<pyews.server_abstractions.Configuration object at 0x00000190F481C820>,16,32,-0.35767378254727883,0.001200005761347711,0.2385416666666667,0.11913211588061212
310,311,12,<pyews.server_abstractions.Configuration object at 0x00000190F481C820>,16,32,-0.35006961588061214,0.0006358065875247121,0.23093750000000002,0.11913211588061212
311,312,26,<pyews.server_abstractions.Configuration object at 0x00000190EE2B6440>,4,38,-0.4978794142796734,0.0008874153718352318,0.35289473684210526,0.14498467743756815
312,313,26,<pyews.server_abstractions.Configuration object at 0x00000190EE2B6440>,4,34,-0.38027879508462703,0.0007500163046643138,0.23529411764705888,0.14498467743756815
313,314,26,<pyews.server_abstractions.Configuration object at 0x00000190EE2B6440>,4,35,-0.3828894393423301,0.0009644231176935136,0.23790476190476195,0.14498467743756815
314,315,26,<pyews.server_abstractions.Configuration object at 0x00000190EE2B6440>,4,36,-0.47165134410423476,0.0009604160441085696,0.3266666666666666,0.14498467743756815
315,316,7,<pyews.server_abstractions.Configuration object at 0x00000190F48139A0>,34,35,-0.46969442913443654,0.0009895628318190575,0.29704761904761906,0.17264681008681748
316,317,12,<pyews.server_abstractions.Configuration object at 0x00000190F481C820>,16,32,-0.37361128254727877,0.0012998123420402408,0.25447916666666665,0.11913211588061212
317,318,12,<pyews.server_abstractions.Configuration object at 0x00000190F481C820>,16,30,-0.29879878254727876,0.0008737339521758258,0.17966666666666667,0.11913211588061212
318,319,12,<pyews.server_abstractions.Configuration object at 0x00000190F481C820>,16,30,-0.3391321158806121,0.0006848097546026111,0.22,0.11913211588061212
319,320,12,<pyews.server_abstractions.Configuration object at 0x00000190F481C820>,16,34,-0.4459948609786512,0.0005345916142687201,0.3268627450980391,0.11913211588061212
320,321,26,<pyews.server_abstractions.Configuration object at 0x00000190EE2B6440>,4,32,-0.3461305107709015,0.0009119236492551863,0.20114583333333336,0.14498467743756815
321,322,26,<pyews.server_abstractions.Configuration object at 0x00000190EE2B6440>,4,35,-0.4226989631518539,0.0010223849676549435,0.27771428571428575,0.14498467743756815
322,323,26,<pyews.server_abstractions.Configuration object at 0x00000190EE2B6440>,4,36,-0.40655875151164217,0.0008966922760009766,0.261574074074074,0.14498467743756815
323,324,26,<pyews.server_abstractions.Configuration object at 0x00000190EE2B6440>,4,29,-0.3029157119203268,0.0006580071058124304,0.15793103448275864,0.14498467743756815
324,325,12,<pyews.server_abstractions.Configuration object at 0x00000190F481C820>,16,33,-0.38084928759778386,0.0006486510392278433,0.26171717171717174,0.11913211588061212
325,326,12,<pyews.server_abstractions.Configuration object at 0x00000190F481C820>,16,29,-0.30269533427141676,0.0010716766119003296,0.18356321839080464,0.11913211588061212
326,327,12,<pyews.server_abstractions.Configuration object at 0x00000190F481C820>,16,34,-0.4300144688217887,0.0008263428462669253,0.31088235294117655,0.11913211588061212
327,328,12,<pyews.server_abstractions.Configuration object at 0x00000190F481C820>,16,35,-0.38837021111870734,0.0008446171414107084,0.2692380952380952,0.11913211588061212
328,329,12,<pyews.server_abstractions.Configuration object at 0x00000190F481C820>,16,37,-0.4297627465112428,0.0006001865258440375,0.3106306306306307,0.11913211588061212
329,330,12,<pyews.server_abstractions.Configuration object at 0x00000190F481C820>,16,34,-0.35501446882178866,0.0007187959272414446,0.23588235294117652,0.11913211588061212
330,331,12,<pyews.server_abstractions.Configuration object at 0x00000190F481C820>,16,32,-0.34038211588061207,0.000934805313590914,0.22124999999999997,0.11913211588061212
331,332,26,<pyews.server_abstractions.Configuration object at 0x00000190EE2B6440>,4,30,-0.3455402329931237,0.000641753722447902,0.20055555555555554,0.14498467743756815
332,333,26,<pyews.server_abstractions.Configuration object at 0x00000190EE2B6440>,4,38,-0.42603730901651554,0.0008903228444978595,0.2810526315789474,0.14498467743756815
333,334,26,<pyews.server_abstractions.Configuration object at 0x00000190EE2B6440>,4,36,-0.4071143070671978,0.0006775504443794489,0.26212962962962966,0.14498467743756815
334,335,7,<pyews.server_abstractions.Configuration object at 0x00000190F48139A0>,34,34,-0.4868624963613273,0.0008538473048247397,0.3142156862745098,0.17264681008681748
335,336,7,<pyews.server_abstractions.Configuration object at 0x00000190F48139A0>,34,35,-0.47636109580110314,0.0014463369734585285,0.30371428571428566,0.17264681008681748
336,337,12,<pyews.server_abstractions.Configuration object at 0x00000190F481C820>,16,36,-0.41015063439913074,0.0007806201465427876,0.2910185185185186,0.11913211588061212
337,338,12,<pyews.server_abstractions.Configuration object at 0x00000190F481C820>,16,30,-0.2689098936583899,0.0007607610896229744,0.14977777777777782,0.11913211588061212
338,339,12,<pyews.server_abstractions.Configuration object at 0x00000190F481C820>,16,36,-0.40792841217690845,0.0009320694953203201,0.28879629629629633,0.11913211588061212
339,340,26,<pyews.server_abstractions.Configuration object at 0x00000190EE2B6440>,4,32,-0.37092217743756817,0.000994876492768526,0.2259375,0.14498467743756815
340,341,26,<pyews.server_abstractions.Configuration object at 0x00000190EE2B6440>,4,36,-0.4202624552153459,0.0012739293742924929,0.27527777777777773,0.14498467743756815
341,342,12,<pyews.server_abstractions.Configuration object at 0x00000190F481C820>,16,33,-0.4114553482038445,0.0004256782995071262,0.2923232323232324,0.11913211588061212
342,343,12,<pyews.server_abstractions.Configuration object at 0x00000190F481C820>,16,34,-0.3901125080374749,0.0005181333981454372,0.27098039215686276,0.11913211588061212
343,344,12,<pyews.server_abstractions.Configuration object at 0x00000190F481C820>,16,33,-0.31973817648667274,0.0005715689621865749,0.20060606060606062,0.11913211588061212
344,345,12,<pyews.server_abstractions.Configuration object at 0x00000190F481C820>,16,32,-0.32527794921394537,0.0006254127947613597,0.20614583333333328,0.11913211588061212
345,346,12,<pyews.server_abstractions.Configuration object at 0x00000190F481C820>,16,34,-0.3623674099982592,0.0009907125495374203,0.2432352941176471,0.11913211588061212
346,347,12,<pyews.server_abstractions.Configuration object at 0x00000190F481C820>,16,32,-0.3430904492139455,0.0006669629365205765,0.22395833333333334,0.11913211588061212
347,348,12,<pyews.server_abstractions.Configuration object at 0x00000190F481C820>,16,34,-0.3957987825472788,0.00071958132321015,0.27666666666666667,0.11913211588061212
348,349,26,<pyews.server_abstractions.Configuration object at 0x00000190EE2B6440>,4,36,-0.4279476404005311,0.0008610259974375367,0.28296296296296297,0.14498467743756815
349,350,26,<pyews.server_abstractions.Configuration object at 0x00000190EE2B6440>,4,33,-0.3870048794577702,0.0011648982763290405,0.24202020202020202,0.14498467743756815
350,351,12,<pyews.server_abstractions.Configuration object at 0x00000190F481C820>,16,34,-0.37589682176296507,0.0008929495234042406,0.25676470588235295,0.11913211588061212
351,352,12,<pyews.server_abstractions.Configuration object at 0x00000190F481C820>,16,30,-0.31524322699172325,0.0006803510477766395,0.1961111111111111,0.11913211588061212
352,353,12,<pyews.server_abstractions.Configuration object at 0x00000190F481C820>,16,31,-0.3232181373859885,0.000834078760817647,0.20408602150537633,0.11913211588061212
353,354,12,<pyews.server_abstractions.Configuration object at 0x00000190F481C820>,16,29,-0.28315510438635927,0.0011259493185207248,0.16402298850574712,0.11913211588061212
354,355,12,<pyews.server_abstractions.Configuration object at 0x00000190F481C820>,16,35,-0.3608464015948979,0.0015757953515276313,0.24171428571428574,0.11913211588061212
355,356,12,<pyews.server_abstractions.Configuration object at 0x00000190F481C820>,16,33,-0.3598391865876829,0.0007108848076313734,0.24070707070707073,0.11913211588061212
356,357,26,<pyews.server_abstractions.Configuration object at 0x00000190EE2B6440>,4,34,-0.4391023244963917,0.0005665814969688654,0.29411764705882354,0.14498467743756815
357,358,26,<pyews.server_abstractions.Configuration object at 0x00000190EE2B6440>,4,38,-0.4428794142796734,0.000966814870480448,0.29789473684210527,0.14498467743756815
358,359,12,<pyews.server_abstractions.Configuration object at 0x00000190F481C820>,16,31,-0.3291321158806121,0.0014179474674165249,0.21,0.11913211588061212
359,360,12,<pyews.server_abstractions.Configuration object at 0x00000190F481C820>,16,35,-0.3690368777853741,0.0011626945342868567,0.24990476190476194,0.11913211588061212
360,361,12,<pyews.server_abstractions.Configuration object at 0x00000190F481C820>,16,39,-0.41502955177804807,0.0010259555419906974,0.29589743589743595,0.11913211588061212
361,362,12,<pyews.server_abstractions.Configuration object at 0x00000190F481C820>,16,33,-0.36074827749677374,0.00114819360896945,0.24161616161616165,0.11913211588061212
362,363,12,<pyews.server_abstractions.Configuration object at 0x00000190F481C820>,16,36,-0.3557061899546863,0.0014858756912872195,0.23657407407407416,0.11913211588061212
363,364,7,<pyews.server_abstractions.Configuration object at 0x00000190F48139A0>,34,37,-0.5034576208976285,0.001233008224517107,0.33081081081081093,0.17264681008681748
364,365,26,<pyews.server_abstractions.Configuration object at 0x00000190EE2B6440>,4,37,-0.4560657585186492,0.0008482089033350348,0.31108108108108107,0.14498467743756815
365,366,26,<pyews.server_abstractions.Configuration object at 0x00000190EE2B6440>,4,34,-0.40969055979050933,0.001232873648405075,0.2647058823529412,0.14498467743756815
366,367,26,<pyews.server_abstractions.Configuration object at 0x00000190EE2B6440>,4,35,-0.41555610600899673,0.0007818417507223785,0.2705714285714286,0.14498467743756815
367,368,12,<pyews.server_abstractions.Configuration object at 0x00000190F481C820>,16,31,-0.3468740513644831,0.0007048700354062021,0.22774193548387098,0.11913211588061212
368,369,12,<pyews.server_abstractions.Configuration object at 0x00000190F481C820>,16,30,-0.2769098936583899,0.0012599823530763388,0.15777777777777777,0.11913211588061212
369,370,12,<pyews.server_abstractions.Configuration object at 0x00000190F481C820>,16,36,-0.40126174551024174,0.0014636456035077572,0.2821296296296296,0.11913211588061212
370,371,12,<pyews.server_abstractions.Configuration object at 0x00000190F481C820>,16,35,-0.3825606873091836,0.0015035331016406417,0.26342857142857146,0.11913211588061212
371,372,12,<pyews.server_abstractions.Configuration object at 0x00000190F481C820>,16,31,-0.30278802985910674,0.0005406059208326042,0.18365591397849462,0.11913211588061212
372,373,26,<pyews.server_abstractions.Configuration object at 0x00000190EE2B6440>,4,35,-0.43212753458042524,0.0027402921114116907,0.2871428571428571,0.14498467743756815
373,374,26,<pyews.server_abstractions.Configuration object at 0x00000190EE2B6440>,4,32,-0.3572763441042348,0.0006915263365954161,0.21229166666666666,0.14498467743756815
374,375,26,<pyews.server_abstractions.Configuration object at 0x00000190EE2B6440>,4,36,-0.399799492252383,0.0008603095775470138,0.2548148148148148,0.14498467743756815
375,376,26,<pyews.server_abstractions.Configuration object at 0x00000190EE2B6440>,4,32,-0.40290134410423484,0.0003557236632332206,0.2579166666666667,0.14498467743756815
376,377,12,<pyews.server_abstractions.Configuration object at 0x00000190F481C820>,16,31,-0.3741858793214723,0.00048267279635183513,0.25505376344086017,0.11913211588061212
377,378,12,<pyews.server_abstractions.Configuration object at 0x00000190F481C820>,16,39,-0.44229450904300527,0.001711991149932146,0.32316239316239315,0.11913211588061212
378,379,12,<pyews.server_abstractions.Configuration object at 0x00000190F481C820>,16,36,-0.3937617455102418,0.0009282848332077265,0.27462962962962967,0.11913211588061212
379,380,12,<pyews.server_abstractions.Configuration object at 0x00000190F481C820>,16,34,-0.3918772139198278,0.0011505363509058952,0.2727450980392157,0.11913211588061212
380,381,12,<pyews.server_abstractions.Configuration object at 0x00000190F481C820>,16,35,-0.3968464015948978,0.0004812313709408045,0.2777142857142857,0.11913211588061212
381,382,26,<pyews.server_abstractions.Configuration object at 0x00000190EE2B6440>,4,35,-0.4096513441042348,0.0022037820890545845,0.26466666666666666,0.14498467743756815
382,383,26,<pyews.server_abstractions.Configuration object at 0x00000190EE2B6440>,4,34,-0.4042984029277642,0.0012329942546784878,0.25931372549019605,0.14498467743756815
383,384,26,<pyews.server_abstractions.Configuration object at 0x00000190EE2B6440>,4,34,-0.39420036371207795,0.0006071036332286894,0.2492156862745098,0.14498467743756815
384,385,12,<pyews.server_abstractions.Configuration object at 0x00000190F481C820>,16,30,-0.3084654492139455,0.0005923288408666849,0.18933333333333333,0.11913211588061212
385,386,12,<pyews.server_abstractions.Configuration object at 0x00000190F481C820>,16,31,-0.3562288900741606,0.0009115799330174923,0.23709677419354844,0.11913211588061212
386,387,12,<pyews.server_abstractions.Configuration object at 0x00000190F481C820>,16,34,-0.39530858646884737,0.0010885903611779213,0.27617647058823525,0.11913211588061212
387,388,12,<pyews.server_abstractions.Configuration object at 0x00000190F481C820>,16,34,-0.36344584137080815,0.002033631317317486,0.24431372549019603,0.11913211588061212
388,389,12,<pyews.server_abstractions.Configuration object at 0x00000190F481C820>,16,37,-0.4353483320968284,0.0007544911932200193,0.31621621621621626,0.11913211588061212
389,390,26,<pyews.server_abstractions.Configuration object at 0x00000190EE2B6440>,4,33,-0.3704392228921136,0.0009030289947986603,0.22545454545454544,0.14498467743756815
390,391,26,<pyews.server_abstractions.Configuration object at 0x00000190EE2B6440>,4,38,-0.4311250283147612,0.0014661159366369247,0.28614035087719303,0.14498467743756815
391,392,26,<pyews.server_abstractions.Configuration object at 0x00000190EE2B6440>,4,36,-0.4179476404005311,0.0014200771693140268,0.27296296296296296,0.14498467743756815
392,393,26,<pyews.server_abstractions.Configuration object at 0x00000190EE2B6440>,4,34,-0.37008271665325443,0.0005166814080439508,0.22509803921568627,0.14498467743756815
393,394,12,<pyews.server_abstractions.Configuration object at 0x00000190F481C820>,16,34,-0.3700144688217886,0.0007320553995668888,0.2508823529411765,0.11913211588061212
394,395,12,<pyews.server_abstractions.Configuration object at 0x00000190F481C820>,16,38,-0.44957071237184026,0.0007954948232509196,0.33043859649122814,0.11913211588061212
395,396,12,<pyews.server_abstractions.Configuration object at 0x00000190F481C820>,16,37,-0.4315645483130446,0.0009319547680206597,0.31243243243243246,0.11913211588061212
396,397,12,<pyews.server_abstractions.Configuration object at 0x00000190F481C820>,16,35,-0.4040844968329931,0.0008438335498794913,0.28495238095238096,0.11913211588061212
397,398,12,<pyews.server_abstractions.Configuration object at 0x00000190F481C820>,16,33,-0.3485260552745515,0.0007427746313624084,0.2293939393939394,0.11913211588061212
398,399,26,<pyews.server_abstractions.Configuration object at 0x00000190EE2B6440>,4,37,-0.49309278554567626,0.0007758478750474751,0.3481081081081081,0.14498467743756815
399,400,26,<pyews.server_abstractions.Configuration object at 0x00000190EE2B6440>,4,33,-0.37367154612443687,0.0011013001203536987,0.2286868686868687,0.14498467743756815
400,401,26,<pyews.server_abstractions.Configuration object at 0x00000190EE2B6440>,4,32,-0.34269301077090153,0.0009761382243596017,0.19770833333333335,0.14498467743756815
401,402,26,<pyews.server_abstractions.Configuration object at 0x00000190EE2B6440>,4,36,-0.4155402329931237,0.0014285740908235312,0.27055555555555555,0.14498467743756815
402,403,12,<pyews.server_abstractions.Configuration object at 0x00000190F481C820>,16,34,-0.42354388058649445,0.0005596992559731007,0.3044117647058823,0.11913211588061212
403,404,12,<pyews.server_abstractions.Configuration object at 0x00000190F481C820>,16,33,-0.33983918658768286,0.0011169754434376955,0.22070707070707077,0.11913211588061212
404,405,12,<pyews.server_abstractions.Configuration object at 0x00000190F481C820>,16,33,-0.33367757042606666,0.0017920900136232376,0.21454545454545454,0.11913211588061212
405,406,12,<pyews.server_abstractions.Configuration object at 0x00000190F481C820>,16,34,-0.3775634884296317,0.0007063477532938123,0.2584313725490196,0.11913211588061212
406,407,12,<pyews.server_abstractions.Configuration object at 0x00000190F481C820>,16,40,-0.4431321158806121,0.0006727458676323295,0.32399999999999995,0.11913211588061212
407,408,26,<pyews.server_abstractions.Configuration object at 0x00000190EE2B6440>,4,32,-0.3795680107709015,0.0005113425431773067,0.23458333333333334,0.14498467743756815
408,409,26,<pyews.server_abstractions.Configuration object at 0x00000190EE2B6440>,4,32,-0.39467217743756816,0.00086218147771433,0.2496875,0.14498467743756815
409,410,26,<pyews.server_abstractions.Configuration object at 0x00000190EE2B6440>,4,32,-0.36946384410423483,0.001975791761651635,0.22447916666666665,0.14498467743756815
410,411,12,<pyews.server_abstractions.Configuration object at 0x00000190F481C820>,16,32,-0.3847571158806121,0.0004002856439910829,0.265625,0.11913211588061212
411,412,12,<pyews.server_abstractions.Configuration object at 0x00000190F481C820>,16,30,-0.294021004769501,0.0012920561712235212,0.1748888888888889,0.11913211588061212
412,413,12,<pyews.server_abstractions.Configuration object at 0x00000190F481C820>,16,34,-0.37079878254727877,0.0007572649628855288,0.25166666666666665,0.11913211588061212
413,414,12,<pyews.server_abstractions.Configuration object at 0x00000190F481C820>,16,36,-0.3995950788435751,0.0010674442164599895,0.28046296296296297,0.11913211588061212
414,415,12,<pyews.server_abstractions.Configuration object at 0x00000190F481C820>,16,34,-0.3969752531355141,0.0013218119274824858,0.27784313725490195,0.11913211588061212
415,416,26,<pyews.server_abstractions.Configuration object at 0x00000190EE2B6440>,4,32,-0.40529717743756816,0.0007396972505375743,0.2603125,0.14498467743756815
416,417,26,<pyews.server_abstractions.Configuration object at 0x00000190EE2B6440>,4,30,-0.3337624552153459,0.0005440434906631708,0.18877777777777777,0.14498467743756815
417,418,26,<pyews.server_abstractions.Configuration object at 0x00000190EE2B6440>,4,34,-0.3750827166532544,0.0014539007097482681,0.23009803921568622,0.14498467743756815
418,419,7,<pyews.server_abstractions.Configuration object at 0x00000190F48139A0>,34,33,-0.43890943634944374,0.0013465841766446829,0.26626262626262626,0.17264681008681748
419,420,12,<pyews.server_abstractions.Configuration object at 0x00000190F481C820>,16,38,-0.43544790535429634,0.0009312174515798688,0.3163157894736842,0.11913211588061212
420,421,12,<pyews.server_abstractions.Configuration object at 0x00000190F481C820>,16,36,-0.4216321158806121,0.0010279815178364515,0.3025,0.11913211588061212
421,422,12,<pyews.server_abstractions.Configuration object at 0x00000190F481C820>,16,38,-0.4397461509683314,0.0017625796608626842,0.3206140350877193,0.11913211588061212
422,423,12,<pyews.server_abstractions.Configuration object at 0x00000190F481C820>,16,36,-0.36765063439913065,0.001001059077680111,0.24851851851851853,0.11913211588061212
423,424,26,<pyews.server_abstractions.Configuration object at 0x00000190EE2B6440>,4,32,-0.3276930107709015,0.0009685284458100796,0.18270833333333333,0.14498467743756815
424,425,26,<pyews.server_abstractions.Configuration object at 0x00000190EE2B6440>,4,37,-0.43111080356369436,0.0014730517286807299,0.2861261261261262,0.14498467743756815
425,426,26,<pyews.server_abstractions.Configuration object at 0x00000190EE2B6440>,4,33,-0.35660083905372975,0.0006246152333915234,0.2116161616161616,0.14498467743756815
426,427,7,<pyews.server_abstractions.Configuration object at 0x00000190F48139A0>,34,35,-0.47121823865824597,0.0008946065790951252,0.2985714285714285,0.17264681008681748
427,428,7,<pyews.server_abstractions.Configuration object at 0x00000190F48139A0>,34,37,-0.4954396028796103,0.0018241223879158497,0.3227927927927928,0.17264681008681748
428,429,12,<pyews.server_abstractions.Configuration object at 0x00000190F481C820>,16,30,-0.3327987825472788,0.0005867094150744379,0.21366666666666667,0.11913211588061212
429,430,12,<pyews.server_abstractions.Configuration object at 0x00000190F481C820>,16,32,-0.30861128254727876,0.0009421482100151479,0.18947916666666667,0.11913211588061212
430,431,12,<pyews.server_abstractions.Configuration object at 0x00000190F481C820>,16,33,-0.3466068633553596,0.0011493314523249865,0.2274747474747475,0.11913211588061212
431,432,12,<pyews.server_abstractions.Configuration object at 0x00000190F481C820>,16,35,-0.39437021111870735,0.0017253794940188527,0.2752380952380952,0.11913211588061212
432,433,12,<pyews.server_abstractions.Configuration object at 0x00000190F481C820>,16,34,-0.4020732923512004,0.0010368241928517818,0.28294117647058825,0.11913211588061212
433,434,26,<pyews.server_abstractions.Configuration object at 0x00000190EE2B6440>,4,34,-0.43518075586894067,0.001105672912672162,0.2901960784313725,0.14498467743756815
434,435,26,<pyews.server_abstractions.Configuration object at 0x00000190EE2B6440>,4,38,-0.4212127476130067,0.0007267451728694141,0.27622807017543854,0.14498467743756815
435,436,7,<pyews.server_abstractions.Configuration object at 0x00000190F48139A0>,34,34,-0.4630389669495626,0.0009024089085869491,0.2903921568627451,0.17264681008681748
436,437,7,<pyews.server_abstractions.Configuration object at 0x00000190F48139A0>,34,35,-0.4709325243725318,0.00148381432518363,0.2982857142857143,0.17264681008681748
437,438,12,<pyews.server_abstractions.Configuration object at 0x00000190F481C820>,16,31,-0.3573041588913648,0.0012430200586095452,0.2381720430107527,0.11913211588061212
438,439,12,<pyews.server_abstractions.Configuration object at 0x00000190F481C820>,16,33,-0.3453947421432384,0.00047463621012866497,0.22626262626262628,0.11913211588061212
439,440,12,<pyews.server_abstractions.Configuration object at 0x00000190F481C820>,16,31,-0.33719663200964434,0.0006124417413957417,0.21806451612903222,0.11913211588061212
440,441,12,<pyews.server_abstractions.Configuration object at 0x00000190F481C820>,16,35,-0.429989258737755,0.0021842215210199356,0.3108571428571429,0.11913211588061212
441,442,12,<pyews.server_abstractions.Configuration object at 0x00000190F481C820>,16,33,-0.3364048431533394,0.0007942788070067763,0.21727272727272728,0.11913211588061212
442,443,12,<pyews.server_abstractions.Configuration object at 0x00000190F481C820>,16,34,-0.4574654492139454,0.0003262969257775694,0.33833333333333326,0.11913211588061212
443,444,12,<pyews.server_abstractions.Configuration object at 0x00000190F481C820>,16,29,-0.27315510438635926,0.0012635494349524379,0.15402298850574714,0.11913211588061212
444,445,12,<pyews.server_abstractions.Configuration object at 0x00000190F481C820>,16,29,-0.26729303542084204,0.0005367923295125365,0.1481609195402299,0.11913211588061212
445,446,26,<pyews.server_abstractions.Configuration object at 0x00000190EE2B6440>,4,33,-0.3917523542052449,0.0012733659241348505,0.24676767676767675,0.14498467743756815
446,447,26,<pyews.server_abstractions.Configuration object at 0x00000190EE2B6440>,4,29,-0.31981226364446474,0.0006905000191181898,0.1748275862068966,0.14498467743756815
447,448,26,<pyews.server_abstractions.Configuration object at 0x00000190EE2B6440>,4,34,-0.4058670303787446,0.0014623136958107352,0.26088235294117645,0.14498467743756815
448,449,26,<pyews.server_abstractions.Configuration object at 0x00000190EE2B6440>,4,36,-0.45072541817830886,0.0006634946912527084,0.3057407407407407,0.14498467743756815
449,450,12,<pyews.server_abstractions.Configuration object at 0x00000190F481C820>,16,31,-0.3497772771709347,0.0007288999622687697,0.2306451612903226,0.11913211588061212
450,451,12,<pyews.server_abstractions.Configuration object at 0x00000190F481C820>,16,33,-0.38428363103212726,0.0010978525970131159,0.26515151515151514,0.11913211588061212
451,452,12,<pyews.server_abstractions.Configuration object at 0x00000190F481C820>,16,38,-0.4372900106174543,0.0008670114912092686,0.3181578947368422,0.11913211588061212
452,453,12,<pyews.server_abstractions.Configuration object at 0x00000190F481C820>,16,36,-0.4379284121769085,0.00044490990694612265,0.31879629629629636,0.11913211588061212
453,454,12,<pyews.server_abstractions.Configuration object at 0x00000190F481C820>,16,32,-0.3299654492139455,0.0005096777458675206,0.21083333333333337,0.11913211588061212
454,455,26,<pyews.server_abstractions.Configuration object at 0x00000190EE2B6440>,4,35,-0.3986037250566158,0.0006396973039954901,0.25361904761904763,0.14498467743756815
455,456,26,<pyews.server_abstractions.Configuration object at 0x00000190EE2B6440>,4,36,-0.3746143070671978,0.0009046042687259614,0.2296296296296296,0.14498467743756815
456,457,26,<pyews.server_abstractions.Configuration object at 0x00000190EE2B6440>,4,39,-0.49113852359141424,0.0007541392114944756,0.3461538461538461,0.14498467743756815
457,458,26,<pyews.server_abstractions.Configuration object at 0x00000190EE2B6440>,4,38,-0.4275285370866909,0.0007590630557388067,0.28254385964912276,0.14498467743756815
458,459,12,<pyews.server_abstractions.Configuration object at 0x00000190F481C820>,16,29,-0.3012010813978535,0.000663405517116189,0.1820689655172414,0.11913211588061212
459,460,12,<pyews.server_abstractions.Configuration object at 0x00000190F481C820>,16,30,-0.3226876714361677,0.0010721427388489246,0.20355555555555557,0.11913211588061212
460,461,12,<pyews.server_abstractions.Configuration object at 0x00000190F481C820>,16,32,-0.3253821158806121,0.0008873798069544137,0.20625,0.11913211588061212
461,462,12,<pyews.server_abstractions.Configuration object at 0x00000190F481C820>,16,32,-0.3213196158806121,0.0008254566928371787,0.2021875,0.11913211588061212
462,463,12,<pyews.server_abstractions.Configuration object at 0x00000190F481C820>,16,34,-0.39785760607669063,0.0004231064231134951,0.2787254901960785,0.11913211588061212
463,464,26,<pyews.server_abstractions.Configuration object at 0x00000190EE2B6440>,4,36,-0.4482254181783089,0.0009381379932165146,0.30324074074074076,0.14498467743756815
464,465,26,<pyews.server_abstractions.Configuration object at 0x00000190EE2B6440>,4,37,-0.4321918846447753,0.0009001707076095045,0.28720720720720716,0.14498467743756815
465,466,26,<pyews.server_abstractions.Configuration object at 0x00000190EE2B6440>,4,34,-0.4099846774375682,0.0007495919708162546,0.26500000000000007,0.14498467743756815
466,467,12,<pyews.server_abstractions.Configuration object at 0x00000190F481C820>,16,29,-0.27740797794957767,0.0004446559469215572,0.15827586206896554,0.11913211588061212
467,468,12,<pyews.server_abstractions.Configuration object at 0x00000190F481C820>,16,33,-0.36074827749677374,0.0005193761317059398,0.24161616161616162,0.11913211588061212
468,469,12,<pyews.server_abstractions.Configuration object at 0x00000190F481C820>,16,37,-0.35787085461935086,0.0008991018403321505,0.23873873873873874,0.11913211588061212
469,470,12,<pyews.server_abstractions.Configuration object at 0x00000190F481C820>,16,31,-0.3207450191064186,0.0008735561277717352,0.20161290322580647,0.11913211588061212
470,471,12,<pyews.server_abstractions.Configuration object at 0x00000190F481C820>,16,37,-0.4355285122770085,0.0005590360378846526,0.3163963963963964,0.11913211588061212
471,472,12,<pyews.server_abstractions.Configuration object at 0x00000190F481C820>,16,34,-0.39521054725316107,0.0004666312597692013,0.27607843137254895,0.11913211588061212
472,473,26,<pyews.server_abstractions.Configuration object at 0x00000190EE2B6440>,4,32,-0.35581801077090147,0.0008275411673821509,0.21083333333333334,0.14498467743756815
473,474,26,<pyews.server_abstractions.Configuration object at 0x00000190EE2B6440>,4,33,-0.37013619258908326,0.001379523891955614,0.22515151515151513,0.14498467743756815
474,475,12,<pyews.server_abstractions.Configuration object at 0x00000190F481C820>,16,32,-0.3654862825472788,0.0007792955148033798,0.24635416666666662,0.11913211588061212
475,476,12,<pyews.server_abstractions.Configuration object at 0x00000190F481C820>,16,33,-0.33054625729475356,0.0005736076273024082,0.21141414141414144,0.11913211588061212
476,477,12,<pyews.server_abstractions.Configuration object at 0x00000190F481C820>,16,31,-0.32708910512792394,0.0006904525216668844,0.20795698924731182,0.11913211588061212
477,478,12,<pyews.server_abstractions.Configuration object at 0x00000190F481C820>,16,36,-0.400521004769501,0.0019113090820610523,0.28138888888888886,0.11913211588061212
478,479,12,<pyews.server_abstractions.Configuration object at 0x00000190F481C820>,16,34,-0.3794262335276709,0.0005963216535747051,0.2602941176470588,0.11913211588061212
479,480,26,<pyews.server_abstractions.Configuration object at 0x00000190EE2B6440>,4,31,-0.3369201613085359,0.000532954407390207,0.19193548387096776,0.14498467743756815
480,481,26,<pyews.server_abstractions.Configuration object at 0x00000190EE2B6440>,4,37,-0.4185882810411717,0.0005023078410886228,0.27360360360360353,0.14498467743756815
481,482,26,<pyews.server_abstractions.Configuration object at 0x00000190EE2B6440>,4,35,-0.4157465821994729,0.0011969757033511996,0.27076190476190476,0.14498467743756815
482,483,26,<pyews.server_abstractions.Configuration object at 0x00000190EE2B6440>,4,36,-0.4428550478079385,0.0010670461924746633,0.29787037037037034,0.14498467743756815
483,484,7,<pyews.server_abstractions.Configuration object at 0x00000190F48139A0>,34,35,-0.4724563338963413,0.0006836443208158016,0.2998095238095238,0.17264681008681748
484,485,12,<pyews.server_abstractions.Configuration object at 0x00000190F481C820>,16,32,-0.33934044921394546,0.0008801566436886787,0.22020833333333334,0.11913211588061212
485,486,12,<pyews.server_abstractions.Configuration object at 0x00000190F481C820>,16,35,-0.37008449683299305,0.001167049165815115,0.2509523809523809,0.11913211588061212
486,487,12,<pyews.server_abstractions.Configuration object at 0x00000190F481C820>,16,29,-0.25602866760475007,0.000885419431142509,0.13689655172413795,0.11913211588061212
487,488,12,<pyews.server_abstractions.Configuration object at 0x00000190F481C820>,16,32,-0.3384029492139454,0.0009324062266387045,0.21927083333333333,0.11913211588061212
488,489,12,<pyews.server_abstractions.Configuration object at 0x00000190F481C820>,16,30,-0.3081321158806121,0.0013048078399151564,0.189,0.11913211588061212
489,490,12,<pyews.server_abstractions.Configuration object at 0x00000190F481C820>,16,35,-0.3571321158806121,0.0006786326412111521,0.23799999999999996,0.11913211588061212
490,491,12,<pyews.server_abstractions.Configuration object at 0x00000190F481C820>,16,31,-0.32633641695588095,0.0005193267716094851,0.20720430107526883,0.11913211588061212
491,492,7,<pyews.server_abstractions.Configuration object at 0x00000190F48139A0>,34,33,-0.4199195373595447,0.0011803365778177977,0.24727272727272723,0.17264681008681748
492,493,7,<pyews.server_abstractions.Configuration object at 0x00000190F48139A0>,34,34,-0.4375487708711312,0.0011556355748325586,0.2649019607843137,0.17264681008681748
493,494,12,<pyews.server_abstractions.Configuration object at 0x00000190F481C820>,16,34,-0.40442623352767093,0.00038453235174529254,0.2852941176470588,0.11913211588061212
494,495,12,<pyews.server_abstractions.Configuration object at 0x00000190F481C820>,16,30,-0.34135433810283433,0.00034117980976589024,0.22222222222222224,0.11913211588061212
495,496,12,<pyews.server_abstractions.Configuration object at 0x00000190F481C820>,16,30,-0.281021004769501,0.0008379724458791316,0.1618888888888889,0.11913211588061212
496,497,12,<pyews.server_abstractions.Configuration object at 0x00000190F481C820>,16,33,-0.3430715098200061,0.0012098463485017419,0.22393939393939397,0.11913211588061212
497,498,12,<pyews.server_abstractions.Configuration object at 0x00000190F481C820>,16,34,-0.3993281943119847,0.0007085694232955575,0.28019607843137256,0.11913211588061212
498,499,12,<pyews.server_abstractions.Configuration object at 0x00000190F481C820>,16,35,-0.40113211588061215,0.00045476577361114323,0.28200000000000003,0.11913211588061212
499,500,12,<pyews.server_abstractions.Configuration object at 0x00000190F481C820>,16,36,-0.39126174551024173,0.0006648943526670337,0.2721296296296296,0.11913211588061212
500,501,12,<pyews.server_abstractions.Configuration object at 0x00000190F481C820>,16,33,-0.3866068633553596,0.0006118366727605462,0.2674747474747475,0.11913211588061212
501,502,12,<pyews.server_abstractions.Configuration object at 0x00000190F481C820>,16,37,-0.39796094470944093,0.0007712850347161293,0.2788288288288288,0.11913211588061212
502,503,12,<pyews.server_abstractions.Configuration object at 0x00000190F481C820>,16,33,-0.3418593886078849,0.0006245080148801208,0.22272727272727275,0.11913211588061212
503,504,12,<pyews.server_abstractions.Configuration object at 0x00000190F481C820>,16,36,-0.3848728566213528,0.0006527120713144541,0.26574074074074067,0.11913211588061212
504,505,12,<pyews.server_abstractions.Configuration object at 0x00000190F481C820>,16,35,-0.3857035444520407,0.00045618056901730597,0.26657142857142857,0.11913211588061212
505,506,12,<pyews.server_abstractions.Configuration object at 0x00000190F481C820>,16,36,-0.4333913751398714,0.0008172577945515513,0.3142592592592593,0.11913211588061212
506,507,12,<pyews.server_abstractions.Configuration object at 0x00000190F481C820>,16,35,-0.42065592540442165,0.0009141494520008564,0.3015238095238095,0.11913211588061212
507,508,12,<pyews.server_abstractions.Configuration object at 0x00000190F481C820>,16,33,-0.36074827749677374,0.0005709284450858831,0.2416161616161616,0.11913211588061212
508,509,26,<pyews.server_abstractions.Configuration object at 0x00000190EE2B6440>,4,32,-0.40560967743756815,0.0004176954971626401,0.260625,0.14498467743756815
509,510,26,<pyews.server_abstractions.Configuration object at 0x00000190EE2B6440>,4,34,-0.3996905597905093,0.0009714715997688472,0.25470588235294117,0.14498467743756815
510,511,26,<pyews.server_abstractions.Configuration object at 0x00000190EE2B6440>,4,33,-0.3694291218820126,0.00133004249073565,0.22444444444444445,0.14498467743756815
511,512,12,<pyews.server_abstractions.Configuration object at 0x00000190F481C820>,16,37,-0.4465195032679995,0.0009160878253169358,0.3273873873873874,0.11913211588061212
512,513,12,<pyews.server_abstractions.Configuration object at 0x00000190F481C820>,16,29,-0.28579878254727875,0.0007735810941085219,0.16666666666666666,0.11913211588061212
513,514,12,<pyews.server_abstractions.Configuration object at 0x00000190F481C820>,16,34,-0.4053085864688474,0.0009397092508152127,0.28617647058823525,0.11913211588061212
514,515,12,<pyews.server_abstractions.Configuration object at 0x00000190F481C820>,16,30,-0.2946876714361677,0.0007991611491888762,0.17555555555555555,0.11913211588061212
515,516,12,<pyews.server_abstractions.Configuration object at 0x00000190F481C820>,16,28,-0.2759178301663264,0.0010269519407302141,0.1567857142857143,0.11913211588061212
516,517,26,<pyews.server_abstractions.Configuration object at 0x00000190EE2B6440>,4,35,-0.41203229648518724,0.0005884165875613689,0.2670476190476191,0.14498467743756815
517,518,12,<pyews.server_abstractions.Configuration object at 0x00000190F481C820>,16,34,-0.3557987825472788,0.0008030623430386186,0.23666666666666666,0.11913211588061212
518,519,12,<pyews.server_abstractions.Configuration object at 0x00000190F481C820>,16,31,-0.3502073846978164,0.0008110743947327137,0.2310752688172043,0.11913211588061212
519,520,12,<pyews.server_abstractions.Configuration object at 0x00000190F481C820>,16,32,-0.35340294921394544,0.0008070357143878937,0.23427083333333334,0.11913211588061212
520,521,12,<pyews.server_abstractions.Configuration object at 0x00000190F481C820>,16,36,-0.4557061899546862,0.0006787097081542015,0.3365740740740741,0.11913211588061212
521,522,12,<pyews.server_abstractions.Configuration object at 0x00000190F481C820>,16,35,-0.3991321158806121,0.0007932510343380272,0.27999999999999997,0.11913211588061212
522,523,12,<pyews.server_abstractions.Configuration object at 0x00000190F481C820>,16,34,-0.4016811354884553,0.0007161059183999896,0.2825490196078432,0.11913211588061212
523,524,12,<pyews.server_abstractions.Configuration object at 0x00000190F481C820>,16,30,-0.3119098936583899,0.0009051518281921744,0.19277777777777777,0.11913211588061212
524,525,26,<pyews.server_abstractions.Configuration object at 0x00000190EE2B6440>,4,33,-0.40114629359918436,0.0008412807947024703,0.2561616161616162,0.14498467743756815
525,526,26,<pyews.server_abstractions.Configuration object at 0x00000190EE2B6440>,4,36,-0.4371143070671977,0.0005747273098677397,0.2921296296296296,0.14498467743756815
526,527,26,<pyews.server_abstractions.Configuration object at 0x00000190EE2B6440>,4,37,-0.4535432359961268,0.0008433506009168923,0.3085585585585586,0.14498467743756815
527,528,7,<pyews.server_abstractions.Configuration object at 0x00000190F48139A0>,34,38,-0.47940119605172976,0.0011894183699041605,0.3067543859649123,0.17264681008681748
528,529,12,<pyews.server_abstractions.Configuration object at 0x00000190F481C820>,16,33,-0.35276847951697576,0.0008572711376473308,0.23363636363636364,0.11913211588061212
529,530,12,<pyews.server_abstractions.Configuration object at 0x00000190F481C820>,16,30,-0.25946544921394543,0.000529880344402045,0.14033333333333334,0.11913211588061212
530,531,12,<pyews.server_abstractions.Configuration object at 0x00000190F481C820>,16,33,-0.35690989365838993,0.0006345846340991557,0.2377777777777778,0.11913211588061212
531,532,12,<pyews.server_abstractions.Configuration object at 0x00000190F481C820>,16,29,-0.2761436101334857,0.001213805633597076,0.15701149425287358,0.11913211588061212
532,533,12,<pyews.server_abstractions.Configuration object at 0x00000190F481C820>,16,34,-0.40050466490021996,0.001048182719387114,0.28137254901960784,0.11913211588061212
533,534,26,<pyews.server_abstractions.Configuration object at 0x00000190EE2B6440>,4,32,-0.3571721774375682,0.0006543268682435155,0.21218750000000003,0.14498467743756815
534,535,26,<pyews.server_abstractions.Configuration object at 0x00000190EE2B6440>,4,34,-0.3530238931238427,0.0008241552859544754,0.20803921568627454,0.14498467743756815
535,536,26,<pyews.server_abstractions.Configuration object at 0x00000190EE2B6440>,4,36,-0.4092439366968274,0.0008531510829925537,0.26425925925925925,0.14498467743756815
536,537,7,<pyews.server_abstractions.Configuration object at 0x00000190F48139A0>,34,31,-0.4129693907319787,0.0012372826458886266,0.24032258064516124,0.17264681008681748
537,538,12,<pyews.server_abstractions.Configuration object at 0x00000190F481C820>,16,33,-0.38297049971899594,0.0008463014382869005,0.2638383838383838,0.11913211588061212
538,539,12,<pyews.server_abstractions.Configuration object at 0x00000190F481C820>,16,34,-0.38011250803747487,0.0006986748776398599,0.26098039215686275,0.11913211588061212
539,540,12,<pyews.server_abstractions.Configuration object at 0x00000190F481C820>,16,30,-0.28579878254727875,0.001483357627876103,0.16666666666666666,0.11913211588061212
540,541,12,<pyews.server_abstractions.Configuration object at 0x00000190F481C820>,16,30,-0.31935433810283437,0.0010184028651565313,0.20022222222222225,0.11913211588061212
541,542,26,<pyews.server_abstractions.Configuration object at 0x00000190EE2B6440>,4,34,-0.41135722645717604,0.0005771365249529481,0.2663725490196079,0.14498467743756815
542,543,26,<pyews.server_abstractions.Configuration object at 0x00000190EE2B6440>,4,34,-0.34812193233952893,0.0009079726878553629,0.20313725490196077,0.14498467743756815
543,544,26,<pyews.server_abstractions.Configuration object at 0x00000190EE2B6440>,4,31,-0.32971586023326704,0.0008220247691497207,0.18473118279569892,0.14498467743756815
544,545,26,<pyews.server_abstractions.Configuration object at 0x00000190EE2B6440>,4,33,-0.38498467743756815,0.0008320951601490378,0.24000000000000002,0.14498467743756815
545,546,12,<pyews.server_abstractions.Configuration object at 0x00000190F481C820>,16,32,-0.3613196158806121,0.0009250094881281257,0.2421875,0.11913211588061212
546,547,12,<pyews.server_abstractions.Configuration object at 0x00000190F481C820>,16,40,-0.4497154492139455,0.0005587459309026599,0.3305833333333334,0.11913211588061212
547,548,12,<pyews.server_abstractions.Configuration object at 0x00000190F481C820>,16,34,-0.347661527645318,0.001299545168876648,0.2285294117647059,0.11913211588061212
548,549,12,<pyews.server_abstractions.Configuration object at 0x00000190F481C820>,16,33,-0.3470109037594,0.0008919920073822141,0.22787878787878788,0.11913211588061212
549,550,12,<pyews.server_abstractions.Configuration object at 0x00000190F481C820>,16,33,-0.38862706537556163,0.0007402648334391415,0.2694949494949495,0.11913211588061212
550,551,26,<pyews.server_abstractions.Configuration object at 0x00000190EE2B6440>,4,34,-0.3967493833199211,0.000638054683804512,0.25176470588235295,0.14498467743756815
551,552,26,<pyews.server_abstractions.Configuration object at 0x00000190EE2B6440>,4,35,-0.41374658219947297,0.001092418096959591,0.2687619047619048,0.14498467743756815
552,553,26,<pyews.server_abstractions.Configuration object at 0x00000190EE2B6440>,4,31,-0.3405760752870305,0.0014489591121673584,0.19559139784946236,0.14498467743756815
553,554,12,<pyews.server_abstractions.Configuration object at 0x00000190F481C820>,16,31,-0.37483104061179495,0.0007631015032529831,0.25569892473118283,0.11913211588061212
554,555,12,<pyews.server_abstractions.Configuration object at 0x00000190F481C820>,16,32,-0.32954878254727876,0.0011223838664591312,0.21041666666666664,0.11913211588061212
555,556,12,<pyews.server_abstractions.Configuration object at 0x00000190F481C820>,16,28,-0.27294163969013596,0.0006355324294418097,0.1538095238095238,0.11913211588061212
556,557,12,<pyews.server_abstractions.Configuration object at 0x00000190F481C820>,16,39,-0.4169098936583899,0.0014040223322808743,0.29777777777777775,0.11913211588061212
557,558,12,<pyews.server_abstractions.Configuration object at 0x00000190F481C820>,16,33,-0.3764048431533394,0.0016435175202786922,0.25727272727272726,0.11913211588061212
558,559,26,<pyews.server_abstractions.Configuration object at 0x00000190EE2B6440>,4,30,-0.3523180107709015,0.0005968999466858804,0.20733333333333334,0.14498467743756815
559,560,26,<pyews.server_abstractions.Configuration object at 0x00000190EE2B6440>,4,34,-0.4022395793983525,0.00120387296192348,0.2572549019607843,0.14498467743756815
560,561,26,<pyews.server_abstractions.Configuration object at 0x00000190EE2B6440>,4,35,-0.44698467743756815,0.0014724006177857518,0.302,0.14498467743756815
561,562,26,<pyews.server_abstractions.Configuration object at 0x00000190EE2B6440>,4,31,-0.3528341398031596,0.0007805268978700042,0.2078494623655914,0.14498467743756815
562,563,12,<pyews.server_abstractions.Configuration object at 0x00000190F481C820>,16,33,-0.4079199946684909,0.0008454220369458199,0.28878787878787876,0.11913211588061212
563,564,12,<pyews.server_abstractions.Configuration object at 0x00000190F481C820>,16,37,-0.43192490867340494,0.000775880238506943,0.3127927927927928,0.11913211588061212
564,565,12,<pyews.server_abstractions.Configuration object at 0x00000190F481C820>,16,32,-0.3359029492139455,0.0009096526773646474,0.21677083333333333,0.11913211588061212
565,566,12,<pyews.server_abstractions.Configuration object at 0x00000190F481C820>,16,36,-0.39922470847320474,0.0015265090623870492,0.2800925925925926,0.11913211588061212
566,567,12,<pyews.server_abstractions.Configuration object at 0x00000190F481C820>,16,34,-0.39462231195904346,0.0011250076349824667,0.27549019607843134,0.11913211588061212
567,568,26,<pyews.server_abstractions.Configuration object at 0x00000190EE2B6440>,4,35,-0.41536562981852054,0.0007082967786118388,0.2703809523809524,0.14498467743756815
568,569,26,<pyews.server_abstractions.Configuration object at 0x00000190EE2B6440>,4,36,-0.39766986262275333,0.001437322935089469,0.2526851851851852,0.14498467743756815
569,570,26,<pyews.server_abstractions.Configuration object at 0x00000190EE2B6440>,4,32,-0.3518596774375682,0.0014851230662316084,0.206875,0.14498467743756815
570,571,12,<pyews.server_abstractions.Configuration object at 0x00000190F481C820>,16,32,-0.34496544921394545,0.0007268086774274707,0.22583333333333333,0.11913211588061212
571,572,12,<pyews.server_abstractions.Configuration object at 0x00000190F481C820>,16,34,-0.3689360374492396,0.0009777415543794632,0.24980392156862746,0.11913211588061212
572,573,12,<pyews.server_abstractions.Configuration object at 0x00000190F481C820>,16,35,-0.3864654492139455,0.0009443812305107713,0.26733333333333337,0.11913211588061212
573,574,12,<pyews.server_abstractions.Configuration object at 0x00000190F481C820>,16,39,-0.41562784237633865,0.0013246320886537433,0.29649572649572653,0.11913211588061212
574,575,12,<pyews.server_abstractions.Configuration object at 0x00000190F481C820>,16,38,-0.40799176500341916,0.0005165380425751209,0.28885964912280704,0.11913211588061212
575,576,26,<pyews.server_abstractions.Configuration object at 0x00000190EE2B6440>,4,31,-0.3638018817386435,0.0009675786714069545,0.2188172043010753,0.14498467743756815
576,577,26,<pyews.server_abstractions.Configuration object at 0x00000190EE2B6440>,4,34,-0.410278795084627,0.001749375369399786,0.26529411764705885,0.14498467743756815
577,578,12,<pyews.server_abstractions.Configuration object at 0x00000190F481C820>,16,33,-0.3728694896179858,0.0008910669712349772,0.2537373737373737,0.11913211588061212
578,579,12,<pyews.server_abstractions.Configuration object at 0x00000190F481C820>,16,36,-0.4265395232880195,0.0010871964041143656,0.30740740740740735,0.11913211588061212
579,580,12,<pyews.server_abstractions.Configuration object at 0x00000190F481C820>,16,35,-0.3692273539758502,0.001482300809584558,0.2500952380952381,0.11913211588061212
580,581,12,<pyews.server_abstractions.Configuration object at 0x00000190F481C820>,16,35,-0.4796083063568026,0.0011954780202358961,0.3604761904761905,0.11913211588061212
581,582,26,<pyews.server_abstractions.Configuration object at 0x00000190EE2B6440>,4,37,-0.44192161437450506,0.0010539618087932467,0.2969369369369369,0.14498467743756815
582,583,26,<pyews.server_abstractions.Configuration object at 0x00000190EE2B6440>,4,41,-0.4602692302830966,0.0011805510148406029,0.3152845528455284,0.14498467743756815
583,584,26,<pyews.server_abstractions.Configuration object at 0x00000190EE2B6440>,4,34,-0.37321997155521525,0.0006249528378248215,0.22823529411764706,0.14498467743756815
584,585,12,<pyews.server_abstractions.Configuration object at 0x00000190F481C820>,16,34,-0.4339360374492396,0.0007744829053990543,0.31480392156862746,0.11913211588061212
585,586,12,<pyews.server_abstractions.Configuration object at 0x00000190F481C820>,16,35,-0.4169416396901359,0.0012669714633375406,0.2978095238095238,0.11913211588061212
586,587,12,<pyews.server_abstractions.Configuration object at 0x00000190F481C820>,16,30,-0.30690989365838994,0.0009377207607030869,0.1877777777777778,0.11913211588061212
587,588,12,<pyews.server_abstractions.Configuration object at 0x00000190F481C820>,16,31,-0.3402073846978164,0.0006127232918515801,0.22107526881720432,0.11913211588061212
588,589,26,<pyews.server_abstractions.Configuration object at 0x00000190EE2B6440>,4,33,-0.4282170006698914,0.0005196392303332686,0.2832323232323232,0.14498467743756815
589,590,26,<pyews.server_abstractions.Configuration object at 0x00000190EE2B6440>,4,36,-0.43924393669682743,0.0026839873753488064,0.2942592592592593,0.14498467743756815
590,591,12,<pyews.server_abstractions.Configuration object at 0x00000190F481C820>,16,33,-0.41488969163818795,0.0005490363109856844,0.29575757575757583,0.11913211588061212
591,592,12,<pyews.server_abstractions.Configuration object at 0x00000190F481C820>,16,38,-0.44834264219640163,0.0005615121917799115,0.3292105263157895,0.11913211588061212
592,593,12,<pyews.server_abstractions.Configuration object at 0x00000190F481C820>,16,34,-0.3628576060766906,0.0014176287222653627,0.24372549019607845,0.11913211588061212
593,594,12,<pyews.server_abstractions.Configuration object at 0x00000190F481C820>,16,35,-0.37465592540442166,0.001559838536195457,0.25552380952380954,0.11913211588061212
594,595,12,<pyews.server_abstractions.Configuration object at 0x00000190F481C820>,16,32,-0.3425696158806121,0.00043007629574276507,0.22343749999999996,0.11913211588061212
595,596,26,<pyews.server_abstractions.Configuration object at 0x00000190EE2B6440>,4,36,-0.4445217144746052,0.0011604769388213754,0.29953703703703705,0.14498467743756815
596,597,26,<pyews.server_abstractions.Configuration object at 0x00000190EE2B6440>,4,34,-0.4116513441042349,0.0011158562265336514,0.2666666666666667,0.14498467743756815
597,598,26,<pyews.server_abstractions.Configuration object at 0x00000190EE2B6440>,4,34,-0.38341604998658774,0.0009491686942055821,0.23843137254901958,0.14498467743756815
598,599,12,<pyews.server_abstractions.Configuration object at 0x00000190F481C820>,16,36,-0.41783581958431587,0.0005978934350423515,0.29870370370370375,0.11913211588061212
599,600,12,<pyews.server_abstractions.Configuration object at 0x00000190F481C820>,16,35,-0.37894163969013595,0.0014929515309631824,0.2598095238095238,0.11913211588061212
